n=768
avg: 0.27396 s
max: 0.27888 s
min: 0.26934 s
std: 0.00261 s
avg gflops: 1.65345

