n=576
avg: 0.11638 s
max: 0.12536 s
min: 0.11334 s
std: 0.00318 s
avg gflops: 1.64211

