n=960
avg: 0.52946 s
max: 0.53479 s
min: 0.52482 s
std: 0.00362 s
avg gflops: 1.67100

