n=192
avg: 0.00477 s
max: 0.00878 s
min: 0.00428 s
std: 0.00134 s
avg gflops: 1.48237

