n=384
avg: 0.03437 s
max: 0.03489 s
min: 0.03380 s
std: 0.00034 s
avg gflops: 1.64722

