n=960
avg: 0.48129 s
max: 0.51350 s
min: 0.46496 s
std: 0.01458 s
avg gflops: 1.83824

