n=192
avg: 0.00338 s
max: 0.00354 s
min: 0.00334 s
std: 0.00005 s
avg gflops: 2.09158

