n=384
avg: 0.02934 s
max: 0.03000 s
min: 0.02889 s
std: 0.00038 s
avg gflops: 1.93021

