n=768
avg: 0.23819 s
max: 0.24627 s
min: 0.22968 s
std: 0.00545 s
avg gflops: 1.90178

