n=576
avg: 0.10006 s
max: 0.10329 s
min: 0.09766 s
std: 0.00148 s
avg gflops: 1.90986

