n=576
avg: 0.02199 s
max: 0.02282 s
min: 0.02142 s
std: 0.00044 s
avg gflops: 8.69022

