n=384
avg: 0.00645 s
max: 0.00664 s
min: 0.00626 s
std: 0.00012 s
avg gflops: 8.77761

