n=960
avg: 0.10851 s
max: 0.11927 s
min: 0.10238 s
std: 0.00467 s
avg gflops: 8.15331

