n=192
avg: 0.00098 s
max: 0.00112 s
min: 0.00094 s
std: 0.00005 s
avg gflops: 7.20558

