n=768
avg: 0.05278 s
max: 0.05815 s
min: 0.05007 s
std: 0.00204 s
avg gflops: 8.58225

