n=576
avg: 0.08316 s
max: 0.08713 s
min: 0.08155 s
std: 0.00157 s
avg gflops: 2.29806

