n=768
avg: 0.19670 s
max: 0.20038 s
min: 0.19401 s
std: 0.00233 s
avg gflops: 2.30296

