n=192
avg: 0.00300 s
max: 0.00309 s
min: 0.00294 s
std: 0.00005 s
avg gflops: 2.36145

