n=384
avg: 0.02428 s
max: 0.02464 s
min: 0.02407 s
std: 0.00016 s
avg gflops: 2.33184

