n=960
avg: 0.38687 s
max: 0.39563 s
min: 0.38086 s
std: 0.00392 s
avg gflops: 2.28688

