n=384
avg: 0.00488 s
max: 0.00503 s
min: 0.00482 s
std: 0.00007 s
avg gflops: 11.60674

