n=768
avg: 0.03984 s
max: 0.04032 s
min: 0.03941 s
std: 0.00032 s
avg gflops: 11.36914

