n=960
avg: 0.07797 s
max: 0.07952 s
min: 0.07637 s
std: 0.00114 s
avg gflops: 11.34681

