n=576
avg: 0.01670 s
max: 0.01717 s
min: 0.01653 s
std: 0.00019 s
avg gflops: 11.44202

