n=192
avg: 0.00091 s
max: 0.00174 s
min: 0.00077 s
std: 0.00028 s
avg gflops: 7.74227

