n=576
avg: 0.65411 s
max: 0.66864 s
min: 0.64459 s
std: 0.00718 s
avg gflops: 0.29216

