n=960
avg: 3.05901 s
max: 3.09394 s
min: 3.00938 s
std: 0.03156 s
avg gflops: 0.28922

