n=768
avg: 1.55836 s
max: 1.57848 s
min: 1.53973 s
std: 0.01069 s
avg gflops: 0.29068

