n=192
avg: 0.02425 s
max: 0.02494 s
min: 0.02388 s
std: 0.00035 s
avg gflops: 0.29185

