n=384
avg: 0.19440 s
max: 0.19783 s
min: 0.19163 s
std: 0.00192 s
avg gflops: 0.29128

