n=768
avg: 0.18670 s
max: 0.19022 s
min: 0.18257 s
std: 0.00234 s
avg gflops: 2.42627

