n=960
avg: 0.37611 s
max: 0.38351 s
min: 0.36363 s
std: 0.00507 s
avg gflops: 2.35234

