n=576
avg: 0.07851 s
max: 0.08087 s
min: 0.07690 s
std: 0.00128 s
avg gflops: 2.43404

