n=384
avg: 0.02305 s
max: 0.02582 s
min: 0.02251 s
std: 0.00094 s
avg gflops: 2.45648

