n=192
avg: 0.00272 s
max: 0.00276 s
min: 0.00269 s
std: 0.00002 s
avg gflops: 2.60218

