n=192
avg: 0.00089 s
max: 0.00094 s
min: 0.00086 s
std: 0.00002 s
avg gflops: 7.93648

