n=768
avg: 0.05199 s
max: 0.05313 s
min: 0.05088 s
std: 0.00089 s
avg gflops: 8.71354

