n=960
avg: 0.10495 s
max: 0.11215 s
min: 0.10049 s
std: 0.00309 s
avg gflops: 8.42994

