n=576
avg: 0.02179 s
max: 0.02223 s
min: 0.02134 s
std: 0.00025 s
avg gflops: 8.77146

