n=384
avg: 0.00648 s
max: 0.00685 s
min: 0.00637 s
std: 0.00013 s
avg gflops: 8.73580

