n=192
avg: 0.00387 s
max: 0.00396 s
min: 0.00380 s
std: 0.00005 s
avg gflops: 1.83064

