n=576
avg: 0.09474 s
max: 0.09623 s
min: 0.09307 s
std: 0.00106 s
avg gflops: 2.01703

