n=384
avg: 0.02634 s
max: 0.02662 s
min: 0.02596 s
std: 0.00018 s
avg gflops: 2.14970

