n=768
avg: 0.23830 s
max: 0.24210 s
min: 0.23575 s
std: 0.00254 s
avg gflops: 1.90091

