n=960
avg: 0.46924 s
max: 0.48152 s
min: 0.46099 s
std: 0.00611 s
avg gflops: 1.88548

