n=576
avg: 0.11240 s
max: 0.11617 s
min: 0.11004 s
std: 0.00182 s
avg gflops: 1.70013

