n=384
avg: 0.03322 s
max: 0.03458 s
min: 0.03235 s
std: 0.00063 s
avg gflops: 1.70428

