n=768
avg: 0.26181 s
max: 0.26446 s
min: 0.25896 s
std: 0.00199 s
avg gflops: 1.73021

