n=192
avg: 0.00428 s
max: 0.00441 s
min: 0.00412 s
std: 0.00008 s
avg gflops: 1.65522

