n=960
avg: 0.50929 s
max: 0.51875 s
min: 0.50224 s
std: 0.00482 s
avg gflops: 1.73718

