n=384
avg: 0.04320 s
std: 0.00334 s
avg gflops: 1.31081

