n=192
avg: 0.00509 s
std: 0.00037 s
avg gflops: 1.38983

