n=960
avg: 0.80418 s
std: 0.05492 s
avg gflops: 1.10018

