n=960
avg: 0.76911 s
max: 0.77643 s
min: 0.75876 s
std: 0.00473 s
avg gflops: 1.15034

