n=576
avg: 0.14239 s
max: 0.14389 s
min: 0.14133 s
std: 0.00081 s
avg gflops: 1.34213

