n=768
avg: 0.38363 s
std: 0.04401 s
avg gflops: 1.18080

