n=192
avg: 0.00487 s
max: 0.00497 s
min: 0.00482 s
std: 0.00004 s
avg gflops: 1.45417

