n=384
avg: 0.04183 s
max: 0.04220 s
min: 0.04162 s
std: 0.00018 s
avg gflops: 1.35372

