n=768
avg: 0.34467 s
max: 0.35432 s
min: 0.33936 s
std: 0.00493 s
avg gflops: 1.31427

