n=576
avg: 0.14690 s
std: 0.00776 s
avg gflops: 1.30088

