n=960
avg: 0.39265 s
max: 0.42352 s
min: 0.37916 s
std: 0.01441 s
avg gflops: 2.25326

