n=576
avg: 0.08376 s
max: 0.09145 s
min: 0.08058 s
std: 0.00319 s
avg gflops: 2.28144

