n=768
avg: 0.20678 s
max: 0.22036 s
min: 0.19008 s
std: 0.00918 s
avg gflops: 2.19066

