n=384
avg: 0.02493 s
max: 0.02645 s
min: 0.02358 s
std: 0.00098 s
avg gflops: 2.27088

