n=192
avg: 0.00313 s
max: 0.00394 s
min: 0.00284 s
std: 0.00030 s
avg gflops: 2.26398

