n=384
avg: 0.18858 s
max: 0.19280 s
min: 0.18550 s
std: 0.00230 s
avg gflops: 0.30027

