n=576
avg: 0.64241 s
max: 0.65532 s
min: 0.62737 s
std: 0.00918 s
avg gflops: 0.29748

