n=960
avg: 2.97514 s
max: 3.01885 s
min: 2.93877 s
std: 0.03084 s
avg gflops: 0.29738

