n=192
avg: 0.02282 s
max: 0.02314 s
min: 0.02252 s
std: 0.00017 s
avg gflops: 0.31015

