n=768
avg: 1.52691 s
max: 1.54892 s
min: 1.49517 s
std: 0.01801 s
avg gflops: 0.29667

