n=384
avg: 0.01932 s
max: 0.01970 s
min: 0.01904 s
std: 0.00018 s
avg gflops: 2.93035

