n=576
avg: 0.06508 s
max: 0.06633 s
min: 0.06352 s
std: 0.00083 s
avg gflops: 2.93625

