n=192
avg: 0.00248 s
max: 0.00258 s
min: 0.00241 s
std: 0.00005 s
avg gflops: 2.85113

