n=960
avg: 0.29998 s
max: 0.30382 s
min: 0.29510 s
std: 0.00302 s
avg gflops: 2.94929

