n=768
avg: 0.15254 s
max: 0.15502 s
min: 0.14862 s
std: 0.00190 s
avg gflops: 2.96970

