n=384
avg: 0.03254 s
max: 0.03308 s
min: 0.03209 s
std: 0.00031 s
avg gflops: 1.74026

