n=768
avg: 0.25928 s
max: 0.26263 s
min: 0.25589 s
std: 0.00265 s
avg gflops: 1.74707

