n=576
avg: 0.11037 s
max: 0.11182 s
min: 0.10852 s
std: 0.00110 s
avg gflops: 1.73143

