n=960
avg: 0.50634 s
max: 0.51179 s
min: 0.49865 s
std: 0.00431 s
avg gflops: 1.74730

