n=576
avg: 0.91311 s
max: 0.93310 s
min: 0.89930 s
std: 0.01145 s
avg gflops: 0.20929

