n=768
avg: 2.16484 s
max: 2.19304 s
min: 2.13558 s
std: 0.01632 s
avg gflops: 0.20925

