n=960
avg: 4.28281 s
max: 4.35429 s
min: 4.17460 s
std: 0.05480 s
avg gflops: 0.20658

