n=192
avg: 0.03355 s
max: 0.03449 s
min: 0.03274 s
std: 0.00053 s
avg gflops: 0.21099

