n=384
avg: 0.27320 s
max: 0.27865 s
min: 0.26774 s
std: 0.00343 s
avg gflops: 0.20726

