n=576
avg: 0.04983 s
max: 0.05052 s
min: 0.04911 s
std: 0.00054 s
avg gflops: 3.83493

