n=768
avg: 0.11775 s
max: 0.12057 s
min: 0.11604 s
std: 0.00161 s
avg gflops: 3.84696

