n=384
avg: 0.01438 s
max: 0.01463 s
min: 0.01421 s
std: 0.00014 s
avg gflops: 3.93848

