n=960
avg: 0.23230 s
max: 0.23997 s
min: 0.22786 s
std: 0.00367 s
avg gflops: 3.80861

