n=192
avg: 0.00183 s
max: 0.00187 s
min: 0.00180 s
std: 0.00003 s
avg gflops: 3.87239

