n=576
avg: 0.03157 s
max: 0.03216 s
min: 0.03102 s
std: 0.00037 s
avg gflops: 6.05241

