n=384
avg: 0.00942 s
max: 0.00957 s
min: 0.00925 s
std: 0.00010 s
avg gflops: 6.00994

