n=768
avg: 0.07439 s
max: 0.07606 s
min: 0.07261 s
std: 0.00118 s
avg gflops: 6.08892

