n=960
avg: 0.14339 s
max: 0.14663 s
min: 0.14156 s
std: 0.00169 s
avg gflops: 6.17020

