n=192
avg: 0.00133 s
max: 0.00146 s
min: 0.00129 s
std: 0.00005 s
avg gflops: 5.31623

