n=576
avg: 0.14737 s
max: 0.17756 s
min: 0.12676 s
std: 0.01865 s
avg gflops: 1.29674

