n=960
avg: 0.63187 s
max: 0.72006 s
min: 0.56255 s
std: 0.05737 s
avg gflops: 1.40019

