n=384
avg: 0.04131 s
max: 0.04844 s
min: 0.03762 s
std: 0.00366 s
avg gflops: 1.37073

