n=768
avg: 0.31602 s
max: 0.38977 s
min: 0.29247 s
std: 0.03409 s
avg gflops: 1.43343

