n=192
avg: 0.00548 s
max: 0.00641 s
min: 0.00475 s
std: 0.00044 s
avg gflops: 1.29190

