n=960
avg: 0.64547 s
max: 0.65701 s
min: 0.63614 s
std: 0.00693 s
avg gflops: 1.37068

