n=768
avg: 0.33065 s
max: 0.33717 s
min: 0.32683 s
std: 0.00332 s
avg gflops: 1.36998

