n=576
avg: 0.13696 s
max: 0.13981 s
min: 0.13479 s
std: 0.00177 s
avg gflops: 1.39532

