n=384
avg: 0.04192 s
max: 0.05128 s
min: 0.04014 s
std: 0.00315 s
avg gflops: 1.35064

