n=192
avg: 0.00517 s
max: 0.00539 s
min: 0.00510 s
std: 0.00008 s
avg gflops: 1.36774

