n=576
avg: 0.16728 s
max: 0.17055 s
min: 0.16579 s
std: 0.00123 s
avg gflops: 1.14243

