n=384
avg: 0.04978 s
max: 0.05054 s
min: 0.04930 s
std: 0.00033 s
avg gflops: 1.13752

