n=768
avg: 0.39643 s
max: 0.40018 s
min: 0.39232 s
std: 0.00221 s
avg gflops: 1.14266

