n=960
avg: 0.77824 s
max: 0.78310 s
min: 0.77381 s
std: 0.00291 s
avg gflops: 1.13684

