n=192
avg: 0.00701 s
max: 0.01337 s
min: 0.00626 s
std: 0.00212 s
avg gflops: 1.01018

