n=384
avg: 0.00937 s
max: 0.00963 s
min: 0.00920 s
std: 0.00012 s
avg gflops: 6.04520

