n=192
avg: 0.00131 s
max: 0.00135 s
min: 0.00129 s
std: 0.00002 s
avg gflops: 5.39999

