n=576
avg: 0.03181 s
max: 0.03266 s
min: 0.03117 s
std: 0.00052 s
avg gflops: 6.00750

