n=768
avg: 0.07569 s
max: 0.07967 s
min: 0.07287 s
std: 0.00218 s
avg gflops: 5.98458

