n=960
avg: 0.14719 s
max: 0.15184 s
min: 0.14275 s
std: 0.00217 s
avg gflops: 6.01070

