n=768
avg: 0.24612 s
max: 0.26211 s
min: 0.24253 s
std: 0.00578 s
avg gflops: 1.84053

