n=576
avg: 0.10399 s
max: 0.10549 s
min: 0.10194 s
std: 0.00121 s
avg gflops: 1.83767

