n=384
avg: 0.03173 s
max: 0.03705 s
min: 0.03038 s
std: 0.00181 s
avg gflops: 1.78463

