n=960
avg: 0.47966 s
max: 0.49260 s
min: 0.47187 s
std: 0.00721 s
avg gflops: 1.84449

