n=192
avg: 0.00364 s
max: 0.00369 s
min: 0.00360 s
std: 0.00003 s
avg gflops: 1.94354

