n=768
avg: 0.29809 s
max: 0.30894 s
min: 0.29289 s
std: 0.00408 s
avg gflops: 1.51961

