n=576
avg: 0.12535 s
max: 0.12976 s
min: 0.12312 s
std: 0.00171 s
avg gflops: 1.52458

