n=192
avg: 0.00446 s
max: 0.00457 s
min: 0.00440 s
std: 0.00006 s
avg gflops: 1.58674

