n=384
avg: 0.03747 s
max: 0.03861 s
min: 0.03692 s
std: 0.00049 s
avg gflops: 1.51099

