n=960
avg: 0.58185 s
max: 0.59557 s
min: 0.56849 s
std: 0.00767 s
avg gflops: 1.52056

