n=576
avg: 0.09752 s
max: 0.10441 s
min: 0.09544 s
std: 0.00258 s
avg gflops: 1.95967

