n=384
avg: 0.02866 s
max: 0.02919 s
min: 0.02793 s
std: 0.00037 s
avg gflops: 1.97564

