n=960
avg: 0.44624 s
max: 0.45451 s
min: 0.43721 s
std: 0.00443 s
avg gflops: 1.98267

