n=192
avg: 0.00346 s
max: 0.00353 s
min: 0.00335 s
std: 0.00006 s
avg gflops: 2.04810

