n=768
avg: 0.22871 s
max: 0.23389 s
min: 0.22614 s
std: 0.00226 s
avg gflops: 1.98060

