n=960
avg: 0.13108 s
max: 0.13442 s
min: 0.12761 s
std: 0.00182 s
avg gflops: 6.74978

