n=768
avg: 0.06632 s
max: 0.07570 s
min: 0.06374 s
std: 0.00327 s
avg gflops: 6.83047

