n=384
avg: 0.00799 s
max: 0.00818 s
min: 0.00786 s
std: 0.00012 s
avg gflops: 7.08820

