n=192
avg: 0.00116 s
max: 0.00119 s
min: 0.00113 s
std: 0.00002 s
avg gflops: 6.08682

