n=576
avg: 0.02741 s
max: 0.02790 s
min: 0.02682 s
std: 0.00035 s
avg gflops: 6.97133

