n=192
avg: 0.00184 s
max: 0.00196 s
min: 0.00180 s
std: 0.00005 s
avg gflops: 3.85042

