n=576
avg: 0.04979 s
max: 0.05057 s
min: 0.04867 s
std: 0.00067 s
avg gflops: 3.83780

