n=960
avg: 0.23079 s
max: 0.23480 s
min: 0.22826 s
std: 0.00200 s
avg gflops: 3.83345

