n=384
avg: 0.01434 s
max: 0.01453 s
min: 0.01407 s
std: 0.00016 s
avg gflops: 3.94941

