n=768
avg: 0.11815 s
max: 0.12012 s
min: 0.11563 s
std: 0.00152 s
avg gflops: 3.83387

