n=960
avg: 0.22183 s
max: 0.22444 s
min: 0.21850 s
std: 0.00220 s
avg gflops: 3.98830

