n=192
avg: 0.00183 s
max: 0.00194 s
min: 0.00175 s
std: 0.00005 s
avg gflops: 3.86536

