n=768
avg: 0.11298 s
max: 0.11510 s
min: 0.11137 s
std: 0.00139 s
avg gflops: 4.00932

