n=384
avg: 0.01417 s
max: 0.01448 s
min: 0.01393 s
std: 0.00017 s
avg gflops: 3.99657

