n=576
avg: 0.04822 s
max: 0.04912 s
min: 0.04687 s
std: 0.00072 s
avg gflops: 3.96329

