n=384
avg: 0.01444 s
max: 0.01468 s
min: 0.01426 s
std: 0.00015 s
avg gflops: 3.92026

