n=192
avg: 0.00185 s
max: 0.00189 s
min: 0.00180 s
std: 0.00003 s
avg gflops: 3.82849

