n=960
avg: 0.22574 s
max: 0.22985 s
min: 0.22100 s
std: 0.00251 s
avg gflops: 3.91928

