n=768
avg: 0.11614 s
max: 0.11805 s
min: 0.11414 s
std: 0.00134 s
avg gflops: 3.90019

