n=576
avg: 0.04893 s
max: 0.04926 s
min: 0.04834 s
std: 0.00029 s
avg gflops: 3.90560

