n=768
avg: 0.28318 s
max: 0.28804 s
min: 0.28084 s
std: 0.00282 s
avg gflops: 1.59964

