n=576
avg: 0.11975 s
max: 0.12157 s
min: 0.11858 s
std: 0.00105 s
avg gflops: 1.59586

