n=960
avg: 0.55285 s
max: 0.56185 s
min: 0.54638 s
std: 0.00516 s
avg gflops: 1.60031

