n=384
avg: 0.03542 s
max: 0.03618 s
min: 0.03499 s
std: 0.00042 s
avg gflops: 1.59843

