n=192
avg: 0.00446 s
max: 0.00460 s
min: 0.00437 s
std: 0.00007 s
avg gflops: 1.58779

