n=576
avg: 0.62118 s
max: 0.63278 s
min: 0.61070 s
std: 0.00796 s
avg gflops: 0.30764

