n=960
avg: 2.88562 s
max: 2.93419 s
min: 2.84011 s
std: 0.03463 s
avg gflops: 0.30660

