n=384
avg: 0.18319 s
max: 0.18616 s
min: 0.18041 s
std: 0.00166 s
avg gflops: 0.30910

