n=768
avg: 1.47769 s
max: 1.49733 s
min: 1.45507 s
std: 0.01528 s
avg gflops: 0.30655

