n=192
avg: 0.02403 s
max: 0.02904 s
min: 0.02241 s
std: 0.00205 s
avg gflops: 0.29449

