n=768
avg: 1.58730 s
max: 1.60882 s
min: 1.56963 s
std: 0.01517 s
avg gflops: 0.28538

