n=192
avg: 0.02407 s
max: 0.02457 s
min: 0.02376 s
std: 0.00026 s
avg gflops: 0.29402

