n=960
avg: 3.12466 s
max: 3.16535 s
min: 3.07649 s
std: 0.03161 s
avg gflops: 0.28315

