n=384
avg: 0.19689 s
max: 0.19951 s
min: 0.19461 s
std: 0.00192 s
avg gflops: 0.28759

