n=576
avg: 0.67279 s
max: 0.69108 s
min: 0.66321 s
std: 0.00819 s
avg gflops: 0.28404

