n=576
avg: 0.01716 s
max: 0.01754 s
min: 0.01682 s
std: 0.00021 s
avg gflops: 11.13500

