n=384
avg: 0.00501 s
max: 0.00513 s
min: 0.00490 s
std: 0.00007 s
avg gflops: 11.29966

