n=960
avg: 0.07717 s
max: 0.07922 s
min: 0.07481 s
std: 0.00137 s
avg gflops: 11.46404

