n=192
avg: 0.00077 s
max: 0.00085 s
min: 0.00075 s
std: 0.00003 s
avg gflops: 9.16688

