n=768
avg: 0.04097 s
max: 0.04185 s
min: 0.03973 s
std: 0.00063 s
avg gflops: 11.05723

