n=576
avg: 0.63834 s
max: 0.65028 s
min: 0.62863 s
std: 0.00839 s
avg gflops: 0.29937

