n=384
avg: 0.18789 s
max: 0.19180 s
min: 0.18391 s
std: 0.00264 s
avg gflops: 0.30136

