n=192
avg: 0.02381 s
max: 0.02782 s
min: 0.02258 s
std: 0.00182 s
avg gflops: 0.29721

