n=768
avg: 1.52108 s
max: 1.53648 s
min: 1.48835 s
std: 0.01459 s
avg gflops: 0.29781

