n=960
avg: 2.96358 s
max: 3.00444 s
min: 2.92727 s
std: 0.02710 s
avg gflops: 0.29854

