n=960
avg: 0.41173 s
max: 0.41864 s
min: 0.40537 s
std: 0.00386 s
avg gflops: 2.14883

