n=192
avg: 0.00333 s
max: 0.00341 s
min: 0.00328 s
std: 0.00004 s
avg gflops: 2.12423

