n=768
avg: 0.21085 s
max: 0.21383 s
min: 0.20764 s
std: 0.00225 s
avg gflops: 2.14835

