n=576
avg: 0.09054 s
max: 0.10080 s
min: 0.08807 s
std: 0.00353 s
avg gflops: 2.11072

