n=384
avg: 0.02650 s
max: 0.02745 s
min: 0.02612 s
std: 0.00038 s
avg gflops: 2.13640

