n=192
avg: 0.03342 s
max: 0.03428 s
min: 0.03287 s
std: 0.00040 s
avg gflops: 0.21179

