n=768
avg: 2.16196 s
max: 2.20227 s
min: 2.12834 s
std: 0.02781 s
avg gflops: 0.20952

