n=960
avg: 4.20267 s
max: 4.30317 s
min: 4.14579 s
std: 0.05370 s
avg gflops: 0.21052

