n=576
avg: 0.91051 s
max: 0.92208 s
min: 0.89701 s
std: 0.00872 s
avg gflops: 0.20989

