n=384
avg: 0.26989 s
max: 0.27818 s
min: 0.26327 s
std: 0.00453 s
avg gflops: 0.20980

