n=576
avg: 0.06475 s
max: 0.06607 s
min: 0.06401 s
std: 0.00066 s
avg gflops: 2.95147

