n=384
avg: 0.01935 s
max: 0.01975 s
min: 0.01895 s
std: 0.00026 s
avg gflops: 2.92564

