n=768
avg: 0.15208 s
max: 0.15578 s
min: 0.14422 s
std: 0.00316 s
avg gflops: 2.97859

