n=192
avg: 0.00241 s
max: 0.00252 s
min: 0.00217 s
std: 0.00009 s
avg gflops: 2.93760

