n=960
avg: 0.29689 s
max: 0.30300 s
min: 0.29342 s
std: 0.00308 s
avg gflops: 2.98002

