n=576
avg: 0.01679 s
max: 0.01696 s
min: 0.01660 s
std: 0.00013 s
avg gflops: 11.38279

