n=192
avg: 0.00082 s
max: 0.00092 s
min: 0.00078 s
std: 0.00005 s
avg gflops: 8.61881

