n=960
avg: 0.07972 s
max: 0.08920 s
min: 0.07734 s
std: 0.00334 s
avg gflops: 11.09864

