n=384
avg: 0.00482 s
max: 0.00492 s
min: 0.00472 s
std: 0.00007 s
avg gflops: 11.74068

