n=768
avg: 0.03980 s
max: 0.04144 s
min: 0.03763 s
std: 0.00094 s
avg gflops: 11.38207

