n=192
avg: 0.00254 s
max: 0.00265 s
min: 0.00248 s
std: 0.00005 s
avg gflops: 2.78155

