n=576
avg: 0.06758 s
max: 0.06849 s
min: 0.06701 s
std: 0.00041 s
avg gflops: 2.82792

