n=960
avg: 0.30996 s
max: 0.31478 s
min: 0.30561 s
std: 0.00292 s
avg gflops: 2.85440

