n=384
avg: 0.02011 s
max: 0.02038 s
min: 0.01987 s
std: 0.00016 s
avg gflops: 2.81587

