n=768
avg: 0.15833 s
max: 0.15923 s
min: 0.15734 s
std: 0.00075 s
avg gflops: 2.86104

