n=768
avg: 0.25032 s
max: 0.25355 s
min: 0.24648 s
std: 0.00239 s
avg gflops: 1.80960

