n=192
avg: 0.00396 s
max: 0.00407 s
min: 0.00389 s
std: 0.00005 s
avg gflops: 1.78941

