n=576
avg: 0.10821 s
max: 0.10978 s
min: 0.10618 s
std: 0.00087 s
avg gflops: 1.76597

