n=960
avg: 0.48776 s
max: 0.49384 s
min: 0.48294 s
std: 0.00412 s
avg gflops: 1.81389

