n=384
avg: 0.03217 s
max: 0.03265 s
min: 0.03166 s
std: 0.00032 s
avg gflops: 1.76000

