n=576
avg: 0.05360 s
max: 0.05452 s
min: 0.05239 s
std: 0.00072 s
avg gflops: 3.56508

