n=384
avg: 0.01567 s
max: 0.01596 s
min: 0.01551 s
std: 0.00013 s
avg gflops: 3.61342

