n=768
avg: 0.12386 s
max: 0.12608 s
min: 0.12235 s
std: 0.00129 s
avg gflops: 3.65725

