n=192
avg: 0.00193 s
max: 0.00199 s
min: 0.00187 s
std: 0.00004 s
avg gflops: 3.67125

