n=960
avg: 0.24373 s
max: 0.24678 s
min: 0.24053 s
std: 0.00252 s
avg gflops: 3.62997

