n=768
avg: 0.29686 s
max: 0.31618 s
min: 0.28471 s
std: 0.01204 s
avg gflops: 1.52590

