n=192
avg: 0.00480 s
max: 0.00503 s
min: 0.00444 s
std: 0.00021 s
avg gflops: 1.47555

