n=960
avg: 0.59265 s
max: 0.62018 s
min: 0.55530 s
std: 0.02184 s
avg gflops: 1.49285

