n=576
avg: 0.12863 s
max: 0.13912 s
min: 0.11940 s
std: 0.00669 s
avg gflops: 1.48571

