n=384
avg: 0.03819 s
max: 0.04106 s
min: 0.03597 s
std: 0.00198 s
avg gflops: 1.48282

