n=192
avg: 0.02566 s
max: 0.02623 s
min: 0.02528 s
std: 0.00029 s
avg gflops: 0.27581

