n=768
avg: 1.64624 s
max: 1.66616 s
min: 1.62617 s
std: 0.01366 s
avg gflops: 0.27516

