n=960
avg: 3.23238 s
max: 3.27085 s
min: 3.19176 s
std: 0.02742 s
avg gflops: 0.27371

