n=576
avg: 0.69596 s
max: 0.70364 s
min: 0.69098 s
std: 0.00474 s
avg gflops: 0.27459

