n=384
avg: 0.20612 s
max: 0.20975 s
min: 0.20255 s
std: 0.00212 s
avg gflops: 0.27470

