n=192
avg: 0.00508 s
max: 0.00608 s
min: 0.00492 s
std: 0.00033 s
avg gflops: 1.39223

