n=768
avg: 0.32837 s
max: 0.33441 s
min: 0.32553 s
std: 0.00319 s
avg gflops: 1.37948

