n=384
avg: 0.04133 s
max: 0.04204 s
min: 0.04058 s
std: 0.00044 s
avg gflops: 1.37003

