n=576
avg: 0.13871 s
max: 0.14070 s
min: 0.13697 s
std: 0.00150 s
avg gflops: 1.37768

