n=960
avg: 0.63766 s
max: 0.65123 s
min: 0.62862 s
std: 0.00733 s
avg gflops: 1.38746

