n=960
avg: 4.42053 s
max: 4.47205 s
min: 4.35634 s
std: 0.04698 s
avg gflops: 0.20014

