n=576
avg: 0.94655 s
max: 0.96560 s
min: 0.93973 s
std: 0.00928 s
avg gflops: 0.20190

