n=192
avg: 0.03434 s
max: 0.03505 s
min: 0.03404 s
std: 0.00030 s
avg gflops: 0.20613

