n=384
avg: 0.28099 s
max: 0.28652 s
min: 0.27930 s
std: 0.00227 s
avg gflops: 0.20152

