n=768
avg: 2.25099 s
max: 2.31620 s
min: 2.23426 s
std: 0.02453 s
avg gflops: 0.20124

