n=576
avg: 0.02719 s
max: 0.02766 s
min: 0.02683 s
std: 0.00026 s
avg gflops: 7.02970

