n=960
avg: 0.12765 s
max: 0.13066 s
min: 0.12621 s
std: 0.00132 s
avg gflops: 6.93112

