n=768
avg: 0.06454 s
max: 0.06561 s
min: 0.06354 s
std: 0.00066 s
avg gflops: 7.01906

