n=192
avg: 0.00118 s
max: 0.00131 s
min: 0.00113 s
std: 0.00005 s
avg gflops: 5.98599

