n=384
avg: 0.00796 s
max: 0.00812 s
min: 0.00781 s
std: 0.00008 s
avg gflops: 7.11541

