n=960
avg: 3.16201 s
max: 3.20069 s
min: 3.10873 s
std: 0.02665 s
avg gflops: 0.27980

