n=384
avg: 0.20107 s
max: 0.20734 s
min: 0.19763 s
std: 0.00267 s
avg gflops: 0.28162

