n=576
avg: 0.67808 s
max: 0.69195 s
min: 0.66989 s
std: 0.00720 s
avg gflops: 0.28183

