n=768
avg: 1.60636 s
max: 1.64110 s
min: 1.58599 s
std: 0.01769 s
avg gflops: 0.28199

