n=192
avg: 0.02479 s
max: 0.02527 s
min: 0.02447 s
std: 0.00025 s
avg gflops: 0.28546

