n=384
avg: 0.18309 s
max: 0.18509 s
min: 0.17900 s
std: 0.00207 s
avg gflops: 0.30926

