n=192
avg: 0.02284 s
max: 0.02723 s
min: 0.02215 s
std: 0.00147 s
avg gflops: 0.30986

