n=960
avg: 2.86533 s
max: 2.94101 s
min: 2.83405 s
std: 0.03096 s
avg gflops: 0.30877

