n=768
avg: 1.46001 s
max: 1.48730 s
min: 1.43825 s
std: 0.01595 s
avg gflops: 0.31026

