n=576
avg: 0.61602 s
max: 0.62606 s
min: 0.60313 s
std: 0.00638 s
avg gflops: 0.31022

