n=384
avg: 0.03470 s
max: 0.03700 s
min: 0.03291 s
std: 0.00145 s
avg gflops: 1.63191

