n=960
avg: 0.53019 s
max: 0.55277 s
min: 0.50711 s
std: 0.01652 s
avg gflops: 1.66871

