n=768
avg: 0.27217 s
max: 0.28585 s
min: 0.26005 s
std: 0.00954 s
avg gflops: 1.66435

