n=192
avg: 0.00442 s
max: 0.00548 s
min: 0.00411 s
std: 0.00042 s
avg gflops: 1.60196

