n=576
avg: 0.11598 s
max: 0.12121 s
min: 0.10955 s
std: 0.00362 s
avg gflops: 1.64769

