n=576
avg: 0.02347 s
max: 0.02746 s
min: 0.02266 s
std: 0.00135 s
avg gflops: 8.14111

