n=960
avg: 0.10558 s
max: 0.10640 s
min: 0.10462 s
std: 0.00066 s
avg gflops: 8.37989

