n=384
avg: 0.00683 s
max: 0.00705 s
min: 0.00674 s
std: 0.00009 s
avg gflops: 8.29043

