n=768
avg: 0.05472 s
max: 0.06264 s
min: 0.05349 s
std: 0.00265 s
avg gflops: 8.27768

