n=192
avg: 0.00134 s
max: 0.00279 s
min: 0.00099 s
std: 0.00064 s
avg gflops: 5.28805

