avg: 0.29009 s
std: 0.01132 s
avg gflops: 0.19519

