avg: 0.03584 s
std: 0.00144 s
avg gflops: 0.19750

