avg: 2.32898 s
std: 0.09379 s
avg gflops: 0.19450

