avg: 4.51709 s
std: 0.14905 s
avg gflops: 0.19586

