avg: 0.98823 s
std: 0.04269 s
avg gflops: 0.19338

