n=768
avg: 1.57315 s
max: 1.59749 s
min: 1.55349 s
std: 0.01341 s
avg gflops: 0.28795

