n=960
avg: 3.09219 s
max: 3.12292 s
min: 3.06406 s
std: 0.02328 s
avg gflops: 0.28612

