n=192
avg: 0.02611 s
max: 0.03501 s
min: 0.02393 s
std: 0.00375 s
avg gflops: 0.27110

