n=384
avg: 0.19627 s
max: 0.20346 s
min: 0.19306 s
std: 0.00284 s
avg gflops: 0.28849

