n=576
avg: 0.66091 s
max: 0.67149 s
min: 0.64987 s
std: 0.00617 s
avg gflops: 0.28915

