n=192
avg: 0.00106 s
max: 0.00115 s
min: 0.00102 s
std: 0.00004 s
avg gflops: 6.64991

