n=576
avg: 0.02460 s
max: 0.02512 s
min: 0.02401 s
std: 0.00035 s
avg gflops: 7.76832

