n=768
avg: 0.05853 s
max: 0.06674 s
min: 0.05667 s
std: 0.00283 s
avg gflops: 7.73941

