n=384
avg: 0.00728 s
max: 0.00748 s
min: 0.00718 s
std: 0.00008 s
avg gflops: 7.77601

