n=960
avg: 0.11273 s
max: 0.11506 s
min: 0.11059 s
std: 0.00145 s
avg gflops: 7.84802

