n=768
avg: 0.04917 s
max: 0.05115 s
min: 0.04750 s
std: 0.00125 s
avg gflops: 9.21253

