n=384
avg: 0.00623 s
max: 0.00734 s
min: 0.00588 s
std: 0.00039 s
avg gflops: 9.08576

