n=384
avg: 0.00604 s
max: 0.00611 s
min: 0.00595 s
std: 0.00005 s
avg gflops: 9.37424

