n=960
avg: 0.09405 s
max: 0.09633 s
min: 0.09256 s
std: 0.00121 s
avg gflops: 9.40661

