n=576
avg: 0.02047 s
max: 0.02109 s
min: 0.02001 s
std: 0.00034 s
avg gflops: 9.33621

