n=960
avg: 0.09662 s
max: 0.10059 s
min: 0.09237 s
std: 0.00213 s
avg gflops: 9.15648

