n=768
avg: 0.04806 s
max: 0.04853 s
min: 0.04773 s
std: 0.00026 s
avg gflops: 9.42562

