n=576
avg: 0.02096 s
max: 0.02228 s
min: 0.01989 s
std: 0.00075 s
avg gflops: 9.11541

