n=192
avg: 0.00094 s
max: 0.00098 s
min: 0.00092 s
std: 0.00002 s
avg gflops: 7.49948

