n=192
avg: 0.00111 s
max: 0.00179 s
min: 0.00095 s
std: 0.00023 s
avg gflops: 6.40232

