n=960
avg: 0.40248 s
max: 0.41080 s
min: 0.39747 s
std: 0.00419 s
avg gflops: 2.19823

