n=192
avg: 0.00337 s
max: 0.00416 s
min: 0.00322 s
std: 0.00027 s
avg gflops: 2.09822

