n=576
avg: 0.08710 s
max: 0.08803 s
min: 0.08633 s
std: 0.00049 s
avg gflops: 2.19400

