n=384
avg: 0.02602 s
max: 0.02663 s
min: 0.02549 s
std: 0.00039 s
avg gflops: 2.17584

