n=768
avg: 0.20739 s
max: 0.20967 s
min: 0.20405 s
std: 0.00173 s
avg gflops: 2.18419

