n=192
avg: 0.03499 s
max: 0.03569 s
min: 0.03441 s
std: 0.00045 s
avg gflops: 0.20226

