n=768
avg: 2.27709 s
max: 2.46012 s
min: 2.22449 s
std: 0.06373 s
avg gflops: 0.19893

