n=960
avg: 4.41723 s
max: 4.48328 s
min: 4.38803 s
std: 0.02985 s
avg gflops: 0.20029

