n=384
avg: 0.28357 s
max: 0.28899 s
min: 0.28125 s
std: 0.00264 s
avg gflops: 0.19968

