n=576
avg: 0.95261 s
max: 0.96927 s
min: 0.94503 s
std: 0.00766 s
avg gflops: 0.20061

