n=384
avg: 0.03094 s
max: 0.03133 s
min: 0.03032 s
std: 0.00031 s
avg gflops: 1.82981

