n=576
avg: 0.10265 s
max: 0.10451 s
min: 0.10186 s
std: 0.00095 s
avg gflops: 1.86165

