n=192
avg: 0.00382 s
max: 0.00387 s
min: 0.00376 s
std: 0.00003 s
avg gflops: 1.85270

