n=768
avg: 0.24458 s
max: 0.24789 s
min: 0.24107 s
std: 0.00270 s
avg gflops: 1.85208

