n=960
avg: 0.47409 s
max: 0.48249 s
min: 0.47104 s
std: 0.00400 s
avg gflops: 1.86617

