n=768
avg: 0.16193 s
max: 0.16397 s
min: 0.15934 s
std: 0.00156 s
avg gflops: 2.79746

