n=384
avg: 0.02054 s
max: 0.02218 s
min: 0.02004 s
std: 0.00060 s
avg gflops: 2.75710

