n=960
avg: 0.33427 s
max: 0.35239 s
min: 0.31651 s
std: 0.01231 s
avg gflops: 2.64677

