n=576
avg: 0.06894 s
max: 0.07039 s
min: 0.06759 s
std: 0.00079 s
avg gflops: 2.77207

