n=192
avg: 0.00266 s
max: 0.00294 s
min: 0.00252 s
std: 0.00014 s
avg gflops: 2.65627

