n=768
avg: 0.12505 s
max: 0.12714 s
min: 0.12047 s
std: 0.00203 s
avg gflops: 3.62249

