n=384
avg: 0.01531 s
max: 0.01549 s
min: 0.01505 s
std: 0.00013 s
avg gflops: 3.69846

