n=192
avg: 0.00197 s
max: 0.00204 s
min: 0.00187 s
std: 0.00005 s
avg gflops: 3.58897

