n=960
avg: 0.24580 s
max: 0.24978 s
min: 0.24268 s
std: 0.00279 s
avg gflops: 3.59934

