n=576
avg: 0.05363 s
max: 0.05438 s
min: 0.05260 s
std: 0.00066 s
avg gflops: 3.56325

