n=576
avg: 0.01790 s
max: 0.01856 s
min: 0.01764 s
std: 0.00029 s
avg gflops: 10.67818

