n=384
avg: 0.00514 s
max: 0.00527 s
min: 0.00506 s
std: 0.00006 s
avg gflops: 11.02157

