n=192
avg: 0.00085 s
max: 0.00093 s
min: 0.00082 s
std: 0.00004 s
avg gflops: 8.29242

