n=768
avg: 0.04277 s
max: 0.04461 s
min: 0.04193 s
std: 0.00089 s
avg gflops: 10.59219

