n=960
avg: 0.08316 s
max: 0.08841 s
min: 0.08033 s
std: 0.00266 s
avg gflops: 10.63846

