n=384
avg: 0.00590 s
max: 0.00643 s
min: 0.00559 s
std: 0.00021 s
avg gflops: 9.58937

