n=192
avg: 0.00094 s
max: 0.00101 s
min: 0.00093 s
std: 0.00003 s
avg gflops: 7.49546

