n=192
avg: 0.00091 s
max: 0.00094 s
min: 0.00088 s
std: 0.00002 s
avg gflops: 7.80052

