n=576
avg: 0.01972 s
max: 0.02027 s
min: 0.01932 s
std: 0.00032 s
avg gflops: 9.68966

