n=768
avg: 0.04736 s
max: 0.04854 s
min: 0.04654 s
std: 0.00068 s
avg gflops: 9.56544

