n=960
avg: 0.09175 s
max: 0.09325 s
min: 0.09062 s
std: 0.00076 s
avg gflops: 9.64304

