n=576
avg: 0.02034 s
max: 0.02074 s
min: 0.02001 s
std: 0.00023 s
avg gflops: 9.39647

