n=768
avg: 0.04865 s
max: 0.04963 s
min: 0.04746 s
std: 0.00064 s
avg gflops: 9.31109

