n=960
avg: 0.09517 s
max: 0.09611 s
min: 0.09301 s
std: 0.00112 s
avg gflops: 9.29674

