n=384
avg: 0.00595 s
max: 0.00604 s
min: 0.00584 s
std: 0.00007 s
avg gflops: 9.51731

