n=192
avg: 0.02212 s
max: 0.02265 s
min: 0.02177 s
std: 0.00025 s
avg gflops: 0.32005

