n=384
avg: 0.17794 s
max: 0.18248 s
min: 0.17405 s
std: 0.00243 s
avg gflops: 0.31822

