n=768
avg: 1.44283 s
max: 1.47048 s
min: 1.42063 s
std: 0.01673 s
avg gflops: 0.31396

