n=960
avg: 2.81118 s
max: 2.86005 s
min: 2.75461 s
std: 0.03133 s
avg gflops: 0.31472

