n=576
avg: 0.60624 s
max: 0.62146 s
min: 0.58888 s
std: 0.00963 s
avg gflops: 0.31523

