n=960
avg: 4.16511 s
max: 4.50267 s
min: 3.99493 s
std: 0.17488 s
avg gflops: 0.21242

