n=384
avg: 0.26239 s
max: 0.26838 s
min: 0.25846 s
std: 0.00328 s
avg gflops: 0.21580

