n=576
avg: 0.88257 s
max: 0.90267 s
min: 0.86391 s
std: 0.01122 s
avg gflops: 0.21653

