n=192
avg: 0.03224 s
max: 0.03280 s
min: 0.03173 s
std: 0.00032 s
avg gflops: 0.21950

