n=768
avg: 2.09657 s
max: 2.17592 s
min: 2.04519 s
std: 0.03627 s
avg gflops: 0.21606

