n=384
avg: 0.33768 s
max: 0.34347 s
min: 0.33186 s
std: 0.00300 s
avg gflops: 0.16768

