n=768
avg: 2.72937 s
max: 2.78798 s
min: 2.68586 s
std: 0.02586 s
avg gflops: 0.16597

