n=960
avg: 5.30350 s
max: 5.34212 s
min: 5.24858 s
std: 0.03059 s
avg gflops: 0.16682

