n=192
avg: 0.04173 s
max: 0.04326 s
min: 0.04085 s
std: 0.00068 s
avg gflops: 0.16962

