n=576
avg: 1.14354 s
max: 1.18737 s
min: 1.11935 s
std: 0.01687 s
avg gflops: 0.16712

