n=768
avg: 0.16608 s
max: 0.16896 s
min: 0.16376 s
std: 0.00182 s
avg gflops: 2.72746

