n=384
avg: 0.02139 s
max: 0.02163 s
min: 0.02112 s
std: 0.00018 s
avg gflops: 2.64662

