n=192
avg: 0.00262 s
max: 0.00272 s
min: 0.00256 s
std: 0.00005 s
avg gflops: 2.70012

