n=576
avg: 0.07221 s
max: 0.07345 s
min: 0.07028 s
std: 0.00086 s
avg gflops: 2.64653

