n=960
avg: 0.32246 s
max: 0.32563 s
min: 0.31743 s
std: 0.00267 s
avg gflops: 2.74374

