n=768
avg: 2.22817 s
max: 2.26432 s
min: 2.20327 s
std: 0.01737 s
avg gflops: 0.20330

