n=192
avg: 0.03452 s
max: 0.03598 s
min: 0.03360 s
std: 0.00064 s
avg gflops: 0.20506

