n=384
avg: 0.27976 s
max: 0.28377 s
min: 0.27535 s
std: 0.00287 s
avg gflops: 0.20240

