n=576
avg: 0.94102 s
max: 0.95684 s
min: 0.93400 s
std: 0.00783 s
avg gflops: 0.20308

