n=960
avg: 4.36524 s
max: 4.43842 s
min: 4.30139 s
std: 0.04562 s
avg gflops: 0.20268

