n=384
avg: 0.01308 s
max: 0.01328 s
min: 0.01268 s
std: 0.00015 s
avg gflops: 4.32783

