n=960
avg: 0.20550 s
max: 0.20979 s
min: 0.20284 s
std: 0.00219 s
avg gflops: 4.30532

