n=768
avg: 0.10540 s
max: 0.10769 s
min: 0.10477 s
std: 0.00080 s
avg gflops: 4.29771

