n=192
avg: 0.00202 s
max: 0.00482 s
min: 0.00168 s
std: 0.00093 s
avg gflops: 3.50222

