n=576
avg: 0.04496 s
max: 0.04630 s
min: 0.04416 s
std: 0.00059 s
avg gflops: 4.25085

