n=960
avg: 0.49896 s
max: 0.50888 s
min: 0.49282 s
std: 0.00561 s
avg gflops: 1.77317

