n=192
avg: 0.00416 s
max: 0.00427 s
min: 0.00410 s
std: 0.00006 s
avg gflops: 1.70226

