n=576
avg: 0.10961 s
max: 0.11252 s
min: 0.10836 s
std: 0.00125 s
avg gflops: 1.74342

