n=768
avg: 0.25430 s
max: 0.25839 s
min: 0.25317 s
std: 0.00171 s
avg gflops: 1.78132

