n=384
avg: 0.03245 s
max: 0.03293 s
min: 0.03179 s
std: 0.00037 s
avg gflops: 1.74480

