n=768
avg: 0.15548 s
max: 0.15831 s
min: 0.15240 s
std: 0.00204 s
avg gflops: 2.91352

