n=192
avg: 0.00221 s
max: 0.00229 s
min: 0.00217 s
std: 0.00004 s
avg gflops: 3.20008

