n=576
avg: 0.06361 s
max: 0.06472 s
min: 0.06206 s
std: 0.00095 s
avg gflops: 3.00445

