n=384
avg: 0.01972 s
max: 0.02335 s
min: 0.01916 s
std: 0.00121 s
avg gflops: 2.87068

