n=960
avg: 0.29523 s
max: 0.30153 s
min: 0.29005 s
std: 0.00413 s
avg gflops: 2.99678

