n=576
avg: 0.05355 s
max: 0.05456 s
min: 0.05272 s
std: 0.00074 s
avg gflops: 3.56887

