n=192
avg: 0.00193 s
max: 0.00200 s
min: 0.00174 s
std: 0.00007 s
avg gflops: 3.66734

