n=768
avg: 0.12456 s
max: 0.12733 s
min: 0.12305 s
std: 0.00127 s
avg gflops: 3.63676

