n=384
avg: 0.01572 s
max: 0.01970 s
min: 0.01505 s
std: 0.00133 s
avg gflops: 3.60113

