n=960
avg: 0.24405 s
max: 0.25039 s
min: 0.24113 s
std: 0.00237 s
avg gflops: 3.62515

