n=960
avg: 0.41296 s
max: 0.41928 s
min: 0.40570 s
std: 0.00463 s
avg gflops: 2.14243

