n=384
avg: 0.02660 s
max: 0.02686 s
min: 0.02619 s
std: 0.00020 s
avg gflops: 2.12899

