n=192
avg: 0.00334 s
max: 0.00339 s
min: 0.00330 s
std: 0.00002 s
avg gflops: 2.11891

