n=576
avg: 0.09001 s
max: 0.09105 s
min: 0.08848 s
std: 0.00075 s
avg gflops: 2.12302

