n=768
avg: 0.21160 s
max: 0.21425 s
min: 0.20826 s
std: 0.00224 s
avg gflops: 2.14072

