n=384
avg: 0.03031 s
max: 0.03115 s
min: 0.03001 s
std: 0.00036 s
avg gflops: 1.86795

