n=576
avg: 0.10211 s
max: 0.10317 s
min: 0.10085 s
std: 0.00095 s
avg gflops: 1.87157

