n=192
avg: 0.00385 s
max: 0.00394 s
min: 0.00378 s
std: 0.00005 s
avg gflops: 1.83876

