n=768
avg: 0.24166 s
max: 0.24342 s
min: 0.23873 s
std: 0.00196 s
avg gflops: 1.87448

