n=960
avg: 0.46984 s
max: 0.48381 s
min: 0.46387 s
std: 0.00614 s
avg gflops: 1.88307

