avg: 0.30676 s
std: 0.01264 s
avg gflops: 0.18458

