avg: 1.03407 s
std: 0.04886 s
avg gflops: 0.18481

