avg: 2.44711 s
std: 0.06924 s
avg gflops: 0.18511

