avg: 0.03802 s
std: 0.00120 s
avg gflops: 0.18615

