avg: 4.78461 s
std: 0.13260 s
avg gflops: 0.18491

