n=768
avg: 0.21137 s
max: 0.21518 s
min: 0.20751 s
std: 0.00283 s
avg gflops: 2.14305

