n=960
avg: 0.42193 s
max: 0.42903 s
min: 0.41467 s
std: 0.00456 s
avg gflops: 2.09686

