n=384
avg: 0.02613 s
max: 0.02664 s
min: 0.02567 s
std: 0.00033 s
avg gflops: 2.16671

