n=192
avg: 0.00312 s
max: 0.00319 s
min: 0.00307 s
std: 0.00004 s
avg gflops: 2.27000

