n=576
avg: 0.08891 s
max: 0.09052 s
min: 0.08752 s
std: 0.00113 s
avg gflops: 2.14934

