n=384
avg: 0.03063 s
max: 0.03803 s
min: 0.02949 s
std: 0.00248 s
avg gflops: 1.84881

