n=960
avg: 0.45612 s
max: 0.45970 s
min: 0.45070 s
std: 0.00331 s
avg gflops: 1.93971

