n=576
avg: 0.09844 s
max: 0.10020 s
min: 0.09765 s
std: 0.00067 s
avg gflops: 1.94137

