n=192
avg: 0.00378 s
max: 0.00384 s
min: 0.00373 s
std: 0.00003 s
avg gflops: 1.87228

