n=768
avg: 0.23360 s
max: 0.23690 s
min: 0.23099 s
std: 0.00220 s
avg gflops: 1.93911

