n=768
avg: 0.22918 s
max: 0.23472 s
min: 0.22652 s
std: 0.00222 s
avg gflops: 1.97654

