n=576
avg: 0.09660 s
max: 0.09781 s
min: 0.09594 s
std: 0.00052 s
avg gflops: 1.97820

