n=384
avg: 0.02886 s
max: 0.02920 s
min: 0.02865 s
std: 0.00017 s
avg gflops: 1.96179

