n=960
avg: 0.44775 s
max: 0.45526 s
min: 0.44263 s
std: 0.00382 s
avg gflops: 1.97596

