n=192
avg: 0.00350 s
max: 0.00367 s
min: 0.00338 s
std: 0.00008 s
avg gflops: 2.01974

