n=576
avg: 0.01636 s
max: 0.02049 s
min: 0.01560 s
std: 0.00139 s
avg gflops: 11.68393

