n=960
avg: 0.08036 s
max: 0.08415 s
min: 0.07554 s
std: 0.00274 s
avg gflops: 11.01032

