n=768
avg: 0.03804 s
max: 0.04014 s
min: 0.03660 s
std: 0.00095 s
avg gflops: 11.90963

