n=960
avg: 0.61932 s
max: 0.62398 s
min: 0.61110 s
std: 0.00467 s
avg gflops: 1.42857

