n=768
avg: 0.31816 s
max: 0.32249 s
min: 0.31538 s
std: 0.00290 s
avg gflops: 1.42376

