n=384
avg: 0.04116 s
max: 0.05070 s
min: 0.03978 s
std: 0.00319 s
avg gflops: 1.37584

