n=192
avg: 0.00491 s
max: 0.00587 s
min: 0.00467 s
std: 0.00034 s
avg gflops: 1.44181

