n=576
avg: 0.13296 s
max: 0.13537 s
min: 0.13163 s
std: 0.00122 s
avg gflops: 1.43730

