n=960
avg: 2.88102 s
max: 2.93404 s
min: 2.84675 s
std: 0.02678 s
avg gflops: 0.30709

