n=768
avg: 1.48022 s
max: 1.50251 s
min: 1.46587 s
std: 0.01297 s
avg gflops: 0.30603

