n=576
avg: 0.62378 s
max: 0.63463 s
min: 0.61256 s
std: 0.00627 s
avg gflops: 0.30636

