n=192
avg: 0.02349 s
max: 0.03215 s
min: 0.02222 s
std: 0.00289 s
avg gflops: 0.30132

