n=384
avg: 0.18342 s
max: 0.18614 s
min: 0.18009 s
std: 0.00191 s
avg gflops: 0.30871

