n=384
avg: 0.00523 s
max: 0.00543 s
min: 0.00511 s
std: 0.00008 s
avg gflops: 10.82215

