n=960
avg: 0.08282 s
max: 0.08822 s
min: 0.08132 s
std: 0.00187 s
avg gflops: 10.68246

