n=768
avg: 0.04245 s
max: 0.04307 s
min: 0.04188 s
std: 0.00034 s
avg gflops: 10.67188

