n=576
avg: 0.01773 s
max: 0.01796 s
min: 0.01734 s
std: 0.00016 s
avg gflops: 10.78143

