n=192
avg: 0.00084 s
max: 0.00093 s
min: 0.00081 s
std: 0.00004 s
avg gflops: 8.47249

