n=768
avg: 0.05459 s
max: 0.05567 s
min: 0.05366 s
std: 0.00069 s
avg gflops: 8.29846

