n=960
avg: 0.11031 s
max: 0.11527 s
min: 0.10705 s
std: 0.00236 s
avg gflops: 8.02043

