n=576
avg: 0.02292 s
max: 0.02334 s
min: 0.02249 s
std: 0.00023 s
avg gflops: 8.33846

