n=384
avg: 0.00678 s
max: 0.00686 s
min: 0.00670 s
std: 0.00005 s
avg gflops: 8.34843

