n=192
avg: 0.00104 s
max: 0.00205 s
min: 0.00090 s
std: 0.00034 s
avg gflops: 6.80576

