n=768
avg: 0.04248 s
max: 0.04359 s
min: 0.04131 s
std: 0.00080 s
avg gflops: 10.66422

