n=960
avg: 0.08235 s
max: 0.08587 s
min: 0.08077 s
std: 0.00164 s
avg gflops: 10.74330

