n=192
avg: 0.00084 s
max: 0.00089 s
min: 0.00081 s
std: 0.00003 s
avg gflops: 8.47038

