n=576
avg: 0.01782 s
max: 0.01806 s
min: 0.01767 s
std: 0.00014 s
avg gflops: 10.72322

