n=384
avg: 0.00510 s
max: 0.00517 s
min: 0.00494 s
std: 0.00006 s
avg gflops: 11.10239

