n=768
avg: 2.17104 s
max: 2.53150 s
min: 2.10379 s
std: 0.12204 s
avg gflops: 0.20865

