n=192
avg: 0.03311 s
max: 0.03345 s
min: 0.03268 s
std: 0.00027 s
avg gflops: 0.21378

