n=576
avg: 0.90428 s
max: 0.92054 s
min: 0.88743 s
std: 0.00979 s
avg gflops: 0.21133

