n=384
avg: 0.27005 s
max: 0.27709 s
min: 0.26150 s
std: 0.00396 s
avg gflops: 0.20968

