n=960
avg: 4.13282 s
max: 4.18159 s
min: 4.06239 s
std: 0.03485 s
avg gflops: 0.21408

