n=384
avg: 0.27291 s
max: 0.27903 s
min: 0.26901 s
std: 0.00290 s
avg gflops: 0.20748

