n=192
avg: 0.03353 s
max: 0.03430 s
min: 0.03308 s
std: 0.00043 s
avg gflops: 0.21107

