n=960
avg: 4.23001 s
max: 4.30539 s
min: 4.16989 s
std: 0.04340 s
avg gflops: 0.20916

