n=768
avg: 2.16711 s
max: 2.19398 s
min: 2.13386 s
std: 0.01666 s
avg gflops: 0.20903

