n=576
avg: 0.91066 s
max: 0.92549 s
min: 0.90346 s
std: 0.00652 s
avg gflops: 0.20985

