n=960
avg: 0.54369 s
max: 0.55155 s
min: 0.53962 s
std: 0.00387 s
avg gflops: 1.62728

