n=384
avg: 0.03590 s
max: 0.03659 s
min: 0.03549 s
std: 0.00026 s
avg gflops: 1.57734

