n=192
avg: 0.00433 s
max: 0.00439 s
min: 0.00426 s
std: 0.00004 s
avg gflops: 1.63353

