n=576
avg: 0.11809 s
max: 0.11911 s
min: 0.11651 s
std: 0.00093 s
avg gflops: 1.61825

