n=768
avg: 0.28410 s
max: 0.28658 s
min: 0.28058 s
std: 0.00204 s
avg gflops: 1.59447

