n=576
avg: 0.09880 s
max: 0.10036 s
min: 0.09746 s
std: 0.00096 s
avg gflops: 1.93430

