n=960
avg: 0.45407 s
max: 0.46036 s
min: 0.45130 s
std: 0.00335 s
avg gflops: 1.94848

