n=192
avg: 0.00463 s
max: 0.00871 s
min: 0.00365 s
std: 0.00180 s
avg gflops: 1.52751

