n=384
avg: 0.03071 s
max: 0.04130 s
min: 0.02918 s
std: 0.00354 s
avg gflops: 1.84360

