n=768
avg: 0.23318 s
max: 0.23545 s
min: 0.23010 s
std: 0.00192 s
avg gflops: 1.94260

