n=192
avg: 0.00319 s
max: 0.00329 s
min: 0.00314 s
std: 0.00005 s
avg gflops: 2.21711

