n=576
avg: 0.08620 s
max: 0.08737 s
min: 0.08453 s
std: 0.00104 s
avg gflops: 2.21695

