n=768
avg: 0.20233 s
max: 0.20740 s
min: 0.19879 s
std: 0.00265 s
avg gflops: 2.23884

