n=384
avg: 0.02547 s
max: 0.02578 s
min: 0.02524 s
std: 0.00016 s
avg gflops: 2.22348

