n=960
avg: 0.39970 s
max: 0.40654 s
min: 0.39467 s
std: 0.00487 s
avg gflops: 2.21352

