n=384
avg: 0.28537 s
max: 0.28986 s
min: 0.28252 s
std: 0.00261 s
avg gflops: 0.19842

