n=192
avg: 0.03529 s
max: 0.03612 s
min: 0.03441 s
std: 0.00044 s
avg gflops: 0.20057

