n=576
avg: 0.95924 s
max: 0.97194 s
min: 0.95291 s
std: 0.00648 s
avg gflops: 0.19922

