n=960
avg: 4.48328 s
max: 4.54131 s
min: 4.38779 s
std: 0.05106 s
avg gflops: 0.19734

