n=768
avg: 2.27553 s
max: 2.31918 s
min: 2.23844 s
std: 0.02891 s
avg gflops: 0.19907

