n=576
avg: 0.02245 s
max: 0.02350 s
min: 0.02155 s
std: 0.00068 s
avg gflops: 8.51087

