n=192
avg: 0.00101 s
max: 0.00110 s
min: 0.00097 s
std: 0.00004 s
avg gflops: 6.98118

