n=768
avg: 0.05310 s
max: 0.05510 s
min: 0.05150 s
std: 0.00123 s
avg gflops: 8.53045

