n=384
avg: 0.00654 s
max: 0.00674 s
min: 0.00628 s
std: 0.00015 s
avg gflops: 8.65632

