n=960
avg: 0.10667 s
max: 0.11501 s
min: 0.10420 s
std: 0.00294 s
avg gflops: 8.29432

