n=768
avg: 2.76115 s
max: 2.81842 s
min: 2.70068 s
std: 0.03460 s
avg gflops: 0.16406

