n=192
avg: 0.04146 s
max: 0.04234 s
min: 0.04085 s
std: 0.00049 s
avg gflops: 0.17073

