n=576
avg: 1.16285 s
max: 1.18927 s
min: 1.14639 s
std: 0.01374 s
avg gflops: 0.16434

