n=960
avg: 5.40419 s
max: 5.50717 s
min: 5.36082 s
std: 0.04151 s
avg gflops: 0.16371

