n=384
avg: 0.34160 s
max: 0.34881 s
min: 0.33639 s
std: 0.00395 s
avg gflops: 0.16576

