n=768
avg: 0.26433 s
max: 0.26751 s
min: 0.26243 s
std: 0.00189 s
avg gflops: 1.71373

