n=960
avg: 0.51557 s
max: 0.52093 s
min: 0.51249 s
std: 0.00320 s
avg gflops: 1.71603

