n=192
avg: 0.00415 s
max: 0.00424 s
min: 0.00406 s
std: 0.00005 s
avg gflops: 1.70606

