n=576
avg: 0.11243 s
max: 0.11432 s
min: 0.11123 s
std: 0.00095 s
avg gflops: 1.69969

