n=384
avg: 0.03433 s
max: 0.04219 s
min: 0.03311 s
std: 0.00263 s
avg gflops: 1.64934

