n=192
avg: 0.00209 s
max: 0.00217 s
min: 0.00203 s
std: 0.00005 s
avg gflops: 3.39234

