n=960
avg: 0.27092 s
max: 0.27628 s
min: 0.26824 s
std: 0.00239 s
avg gflops: 3.26561

