n=384
avg: 0.01646 s
max: 0.01669 s
min: 0.01617 s
std: 0.00015 s
avg gflops: 3.44012

