n=768
avg: 0.13605 s
max: 0.13909 s
min: 0.13361 s
std: 0.00194 s
avg gflops: 3.32961

