n=576
avg: 0.05841 s
max: 0.06426 s
min: 0.05677 s
std: 0.00206 s
avg gflops: 3.27199

