n=576
avg: 0.65217 s
max: 0.66275 s
min: 0.64176 s
std: 0.00821 s
avg gflops: 0.29303

