n=960
avg: 3.01886 s
max: 3.06687 s
min: 2.97909 s
std: 0.02485 s
avg gflops: 0.29307

