n=768
avg: 1.55392 s
max: 1.57237 s
min: 1.52300 s
std: 0.01827 s
avg gflops: 0.29151

