n=192
avg: 0.02330 s
max: 0.02384 s
min: 0.02297 s
std: 0.00024 s
avg gflops: 0.30380

