n=384
avg: 0.19108 s
max: 0.19497 s
min: 0.18871 s
std: 0.00229 s
avg gflops: 0.29633

