n=768
avg: 0.10650 s
max: 0.10834 s
min: 0.10412 s
std: 0.00136 s
avg gflops: 4.25333

