n=576
avg: 0.04522 s
max: 0.04606 s
min: 0.04436 s
std: 0.00055 s
avg gflops: 4.22572

