n=384
avg: 0.01321 s
max: 0.01352 s
min: 0.01300 s
std: 0.00017 s
avg gflops: 4.28723

