n=192
avg: 0.00170 s
max: 0.00179 s
min: 0.00167 s
std: 0.00005 s
avg gflops: 4.15358

