n=960
avg: 0.20765 s
max: 0.21093 s
min: 0.20282 s
std: 0.00291 s
avg gflops: 4.26066

