n=768
avg: 0.03863 s
max: 0.03989 s
min: 0.03730 s
std: 0.00069 s
avg gflops: 11.72559

