n=576
avg: 0.01603 s
max: 0.01642 s
min: 0.01571 s
std: 0.00022 s
avg gflops: 11.91969

