n=384
avg: 0.00479 s
max: 0.00488 s
min: 0.00468 s
std: 0.00006 s
avg gflops: 11.82023

