n=960
avg: 0.08266 s
max: 0.08678 s
min: 0.07698 s
std: 0.00244 s
avg gflops: 10.70328

