n=192
avg: 0.00081 s
max: 0.00161 s
min: 0.00068 s
std: 0.00027 s
avg gflops: 8.73014

