n=576
avg: 0.10220 s
max: 0.11729 s
min: 0.09665 s
std: 0.00562 s
avg gflops: 1.86990

