n=192
avg: 0.00401 s
max: 0.00525 s
min: 0.00335 s
std: 0.00067 s
avg gflops: 1.76348

