n=960
avg: 0.45540 s
max: 0.46438 s
min: 0.44506 s
std: 0.00664 s
avg gflops: 1.94277

