n=384
avg: 0.03162 s
max: 0.03928 s
min: 0.02879 s
std: 0.00386 s
avg gflops: 1.79092

