n=768
avg: 0.26075 s
max: 0.32618 s
min: 0.23118 s
std: 0.03487 s
avg gflops: 1.73721

