n=576
avg: 0.10166 s
max: 0.10298 s
min: 0.10079 s
std: 0.00093 s
avg gflops: 1.87992

