n=384
avg: 0.03032 s
max: 0.03091 s
min: 0.02996 s
std: 0.00028 s
avg gflops: 1.86723

