n=768
avg: 0.23986 s
max: 0.24351 s
min: 0.23857 s
std: 0.00159 s
avg gflops: 1.88854

