n=960
avg: 0.46828 s
max: 0.47441 s
min: 0.46254 s
std: 0.00424 s
avg gflops: 1.88934

