n=192
avg: 0.00383 s
max: 0.00393 s
min: 0.00377 s
std: 0.00005 s
avg gflops: 1.84965

