n=768
avg: 0.28325 s
max: 0.28710 s
min: 0.27891 s
std: 0.00300 s
avg gflops: 1.59925

