n=192
avg: 0.00488 s
max: 0.00833 s
min: 0.00442 s
std: 0.00115 s
avg gflops: 1.45105

