n=960
avg: 0.55264 s
max: 0.56151 s
min: 0.54593 s
std: 0.00387 s
avg gflops: 1.60092

