n=576
avg: 0.11908 s
max: 0.12103 s
min: 0.11763 s
std: 0.00107 s
avg gflops: 1.60489

