n=384
avg: 0.03569 s
max: 0.03652 s
min: 0.03498 s
std: 0.00048 s
avg gflops: 1.58640

