n=192
avg: 0.00261 s
max: 0.00269 s
min: 0.00257 s
std: 0.00004 s
avg gflops: 2.71679

