n=768
avg: 0.16669 s
max: 0.16885 s
min: 0.16341 s
std: 0.00150 s
avg gflops: 2.71757

