n=576
avg: 0.07274 s
max: 0.07390 s
min: 0.07160 s
std: 0.00078 s
avg gflops: 2.62704

