n=384
avg: 0.02149 s
max: 0.02184 s
min: 0.02111 s
std: 0.00021 s
avg gflops: 2.63426

