n=960
avg: 0.32323 s
max: 0.32677 s
min: 0.31849 s
std: 0.00278 s
avg gflops: 2.73719

