n=192
avg: 0.00452 s
max: 0.00643 s
min: 0.00421 s
std: 0.00064 s
avg gflops: 1.56556

