n=960
avg: 0.56352 s
max: 0.57328 s
min: 0.55563 s
std: 0.00633 s
avg gflops: 1.57003

