n=576
avg: 0.12027 s
max: 0.12400 s
min: 0.11836 s
std: 0.00177 s
avg gflops: 1.58901

