n=768
avg: 0.28478 s
max: 0.28983 s
min: 0.27962 s
std: 0.00324 s
avg gflops: 1.59065

