n=384
avg: 0.03580 s
max: 0.03642 s
min: 0.03516 s
std: 0.00041 s
avg gflops: 1.58187

