n=768
avg: 0.26661 s
max: 0.27020 s
min: 0.26495 s
std: 0.00137 s
avg gflops: 1.69903

