n=576
avg: 0.11274 s
max: 0.11476 s
min: 0.11194 s
std: 0.00074 s
avg gflops: 1.69514

