n=960
avg: 0.52014 s
max: 0.52678 s
min: 0.51769 s
std: 0.00249 s
avg gflops: 1.70095

