n=384
avg: 0.03362 s
max: 0.03419 s
min: 0.03332 s
std: 0.00023 s
avg gflops: 1.68433

