n=384
avg: 0.03622 s
max: 0.03680 s
min: 0.03562 s
std: 0.00037 s
avg gflops: 1.56326

