n=960
avg: 0.56016 s
max: 0.56816 s
min: 0.55285 s
std: 0.00557 s
avg gflops: 1.57943

