n=192
avg: 0.00460 s
max: 0.00468 s
min: 0.00451 s
std: 0.00006 s
avg gflops: 1.53955

