n=768
avg: 0.28595 s
max: 0.28939 s
min: 0.28280 s
std: 0.00176 s
avg gflops: 1.58415

