n=576
avg: 0.12109 s
max: 0.12338 s
min: 0.11957 s
std: 0.00100 s
avg gflops: 1.57823

