n=576
avg: 0.13107 s
max: 0.13225 s
min: 0.12951 s
std: 0.00113 s
avg gflops: 1.45801

