n=960
avg: 0.61418 s
max: 0.62539 s
min: 0.60389 s
std: 0.00683 s
avg gflops: 1.44051

