n=768
avg: 0.31762 s
max: 0.32221 s
min: 0.31469 s
std: 0.00281 s
avg gflops: 1.42619

