n=192
avg: 0.00491 s
max: 0.00500 s
min: 0.00483 s
std: 0.00004 s
avg gflops: 1.44055

