n=384
avg: 0.03846 s
max: 0.03907 s
min: 0.03810 s
std: 0.00032 s
avg gflops: 1.47240

