n=960
avg: 0.50924 s
max: 0.51674 s
min: 0.50439 s
std: 0.00504 s
avg gflops: 1.73738

