n=576
avg: 0.11153 s
max: 0.11956 s
min: 0.10929 s
std: 0.00283 s
avg gflops: 1.71348

