n=768
avg: 0.26052 s
max: 0.26427 s
min: 0.25751 s
std: 0.00261 s
avg gflops: 1.73875

