n=384
avg: 0.03293 s
max: 0.03333 s
min: 0.03259 s
std: 0.00022 s
avg gflops: 1.71956

