n=192
avg: 0.00529 s
max: 0.01041 s
min: 0.00413 s
std: 0.00222 s
avg gflops: 1.33700

