n=384
avg: 0.04181 s
max: 0.04255 s
min: 0.04129 s
std: 0.00045 s
avg gflops: 1.35431

