n=768
avg: 0.33130 s
max: 0.33735 s
min: 0.32725 s
std: 0.00293 s
avg gflops: 1.36731

