n=192
avg: 0.00504 s
max: 0.00519 s
min: 0.00494 s
std: 0.00006 s
avg gflops: 1.40342

