n=960
avg: 0.64456 s
max: 0.65475 s
min: 0.63642 s
std: 0.00643 s
avg gflops: 1.37261

