n=576
avg: 0.13903 s
max: 0.14161 s
min: 0.13746 s
std: 0.00134 s
avg gflops: 1.37451

