n=960
avg: 0.10305 s
max: 0.10477 s
min: 0.10066 s
std: 0.00127 s
avg gflops: 8.58580

