n=768
avg: 0.05319 s
max: 0.05444 s
min: 0.05096 s
std: 0.00098 s
avg gflops: 8.51641

