n=384
avg: 0.00661 s
max: 0.00683 s
min: 0.00649 s
std: 0.00011 s
avg gflops: 8.56014

