n=192
avg: 0.00103 s
max: 0.00112 s
min: 0.00099 s
std: 0.00004 s
avg gflops: 6.90120

