n=576
avg: 0.02278 s
max: 0.02313 s
min: 0.02248 s
std: 0.00019 s
avg gflops: 8.38933

