n=384
avg: 0.04240 s
max: 0.04302 s
min: 0.04144 s
std: 0.00045 s
avg gflops: 1.33557

