n=576
avg: 0.14433 s
max: 0.14609 s
min: 0.14201 s
std: 0.00135 s
avg gflops: 1.32403

