n=192
avg: 0.00512 s
max: 0.00514 s
min: 0.00508 s
std: 0.00002 s
avg gflops: 1.38228

