n=960
avg: 0.78325 s
max: 0.79306 s
min: 0.77412 s
std: 0.00499 s
avg gflops: 1.12957

