n=768
avg: 0.35360 s
max: 0.36933 s
min: 0.34451 s
std: 0.00818 s
avg gflops: 1.28105

