n=576
avg: 0.05715 s
max: 0.05943 s
min: 0.05560 s
std: 0.00103 s
avg gflops: 3.34372

