n=192
avg: 0.00208 s
max: 0.00214 s
min: 0.00202 s
std: 0.00004 s
avg gflops: 3.39886

