n=384
avg: 0.01654 s
max: 0.01687 s
min: 0.01632 s
std: 0.00018 s
avg gflops: 3.42242

