n=768
avg: 0.13503 s
max: 0.13946 s
min: 0.13178 s
std: 0.00241 s
avg gflops: 3.35460

