n=960
avg: 0.26943 s
max: 0.27557 s
min: 0.26310 s
std: 0.00341 s
avg gflops: 3.28377

