n=576
avg: 0.02865 s
max: 0.03223 s
min: 0.02660 s
std: 0.00176 s
avg gflops: 6.67112

