n=192
avg: 0.00122 s
max: 0.00131 s
min: 0.00117 s
std: 0.00004 s
avg gflops: 5.81764

