n=384
avg: 0.00853 s
max: 0.00960 s
min: 0.00812 s
std: 0.00049 s
avg gflops: 6.63659

