n=768
avg: 0.06720 s
max: 0.07423 s
min: 0.06448 s
std: 0.00278 s
avg gflops: 6.74102

