n=960
avg: 0.12937 s
max: 0.13312 s
min: 0.12549 s
std: 0.00254 s
avg gflops: 6.83865

