n=384
avg: 0.00860 s
max: 0.00973 s
min: 0.00811 s
std: 0.00064 s
avg gflops: 6.58261

