n=192
avg: 0.00125 s
max: 0.00136 s
min: 0.00117 s
std: 0.00005 s
avg gflops: 5.67529

