n=576
avg: 0.02947 s
max: 0.03691 s
min: 0.02713 s
std: 0.00281 s
avg gflops: 6.48398

