n=768
avg: 0.06654 s
max: 0.07163 s
min: 0.06432 s
std: 0.00219 s
avg gflops: 6.80728

