n=960
avg: 0.12759 s
max: 0.13137 s
min: 0.12502 s
std: 0.00185 s
avg gflops: 6.93395

