n=960
avg: 0.46505 s
max: 0.47483 s
min: 0.45699 s
std: 0.00734 s
avg gflops: 1.90245

