n=576
avg: 0.09584 s
max: 0.09709 s
min: 0.09379 s
std: 0.00120 s
avg gflops: 1.99399

