n=768
avg: 0.24020 s
max: 0.24325 s
min: 0.23629 s
std: 0.00305 s
avg gflops: 1.88584

