n=384
avg: 0.02658 s
max: 0.02693 s
min: 0.02622 s
std: 0.00026 s
avg gflops: 2.13015

