n=576
avg: 0.10371 s
max: 0.10477 s
min: 0.10223 s
std: 0.00090 s
avg gflops: 1.84268

