n=384
avg: 0.03083 s
max: 0.03163 s
min: 0.03035 s
std: 0.00042 s
avg gflops: 1.83681

