n=960
avg: 0.47803 s
max: 0.48450 s
min: 0.47225 s
std: 0.00471 s
avg gflops: 1.85080

