n=768
avg: 0.24450 s
max: 0.24820 s
min: 0.24154 s
std: 0.00226 s
avg gflops: 1.85266

