n=576
avg: 0.95425 s
max: 0.96309 s
min: 0.94032 s
std: 0.00785 s
avg gflops: 0.20026

