n=384
avg: 0.28005 s
max: 0.28372 s
min: 0.27694 s
std: 0.00237 s
avg gflops: 0.20219

