n=960
avg: 4.40921 s
max: 4.44398 s
min: 4.36808 s
std: 0.02984 s
avg gflops: 0.20066

