n=768
avg: 2.25849 s
max: 2.29078 s
min: 2.23551 s
std: 0.02013 s
avg gflops: 0.20057

