n=192
avg: 0.03407 s
max: 0.03452 s
min: 0.03355 s
std: 0.00028 s
avg gflops: 0.20775

