n=384
avg: 0.00550 s
std: 0.00012 s
avg gflops: 10.30370

