n=960
avg: 0.08603 s
std: 0.00218 s
avg gflops: 10.28369

