n=768
avg: 0.04473 s
std: 0.00095 s
avg gflops: 10.12659

