n=576
avg: 0.01853 s
std: 0.00061 s
avg gflops: 10.31469

