n=192
avg: 0.00089 s
std: 0.00003 s
avg gflops: 7.93060

