n=384
avg: 0.02674 s
max: 0.02792 s
min: 0.02472 s
std: 0.00098 s
avg gflops: 2.11758

