n=576
avg: 0.08969 s
max: 0.09559 s
min: 0.08423 s
std: 0.00426 s
avg gflops: 2.13071

