n=768
avg: 0.20885 s
max: 0.22278 s
min: 0.19236 s
std: 0.01048 s
avg gflops: 2.16890

