n=960
avg: 0.39687 s
max: 0.42873 s
min: 0.37864 s
std: 0.01791 s
avg gflops: 2.22931

