n=192
avg: 0.00354 s
max: 0.00639 s
min: 0.00294 s
std: 0.00096 s
avg gflops: 2.00202

