n=960
avg: 0.53307 s
max: 0.54399 s
min: 0.51656 s
std: 0.00990 s
avg gflops: 1.65970

