n=576
avg: 0.11476 s
max: 0.11628 s
min: 0.11322 s
std: 0.00099 s
avg gflops: 1.66518

