n=768
avg: 0.27340 s
max: 0.27757 s
min: 0.26555 s
std: 0.00313 s
avg gflops: 1.65684

