n=192
avg: 0.00420 s
max: 0.00520 s
min: 0.00403 s
std: 0.00034 s
avg gflops: 1.68480

