n=384
avg: 0.03413 s
max: 0.03527 s
min: 0.03372 s
std: 0.00045 s
avg gflops: 1.65912

