n=192
avg: 0.00114 s
max: 0.00178 s
min: 0.00101 s
std: 0.00022 s
avg gflops: 6.23226

