n=768
avg: 0.05579 s
max: 0.05711 s
min: 0.05533 s
std: 0.00047 s
avg gflops: 8.11939

