n=960
avg: 0.10971 s
max: 0.11156 s
min: 0.10749 s
std: 0.00146 s
avg gflops: 8.06428

