n=384
avg: 0.00699 s
max: 0.00714 s
min: 0.00682 s
std: 0.00010 s
avg gflops: 8.09527

