n=576
avg: 0.02433 s
max: 0.02782 s
min: 0.02338 s
std: 0.00121 s
avg gflops: 7.85418

