n=576
avg: 0.88692 s
max: 0.91385 s
min: 0.85701 s
std: 0.01834 s
avg gflops: 0.21547

