n=768
avg: 2.08586 s
max: 2.13948 s
min: 2.03710 s
std: 0.02970 s
avg gflops: 0.21717

