n=384
avg: 0.26134 s
max: 0.26539 s
min: 0.25383 s
std: 0.00384 s
avg gflops: 0.21666

