n=192
avg: 0.03283 s
max: 0.03744 s
min: 0.03167 s
std: 0.00157 s
avg gflops: 0.21557

