n=960
avg: 4.11124 s
max: 4.21555 s
min: 3.98269 s
std: 0.08246 s
avg gflops: 0.21520

