n=768
avg: 0.18583 s
max: 0.18992 s
min: 0.18378 s
std: 0.00216 s
avg gflops: 2.43761

