n=960
avg: 0.37545 s
max: 0.38424 s
min: 0.36414 s
std: 0.00517 s
avg gflops: 2.35650

