n=384
avg: 0.02296 s
max: 0.02332 s
min: 0.02269 s
std: 0.00022 s
avg gflops: 2.46634

