n=576
avg: 0.07822 s
max: 0.07995 s
min: 0.07675 s
std: 0.00099 s
avg gflops: 2.44303

