n=960
avg: 0.31398 s
max: 0.33687 s
min: 0.30779 s
std: 0.00818 s
avg gflops: 2.81781

