n=384
avg: 0.02229 s
max: 0.02444 s
min: 0.01986 s
std: 0.00163 s
avg gflops: 2.54025

