n=576
avg: 0.06902 s
max: 0.07380 s
min: 0.06752 s
std: 0.00179 s
avg gflops: 2.76886

