n=192
avg: 0.00253 s
max: 0.00274 s
min: 0.00243 s
std: 0.00008 s
avg gflops: 2.80185

