n=768
avg: 0.16259 s
max: 0.18473 s
min: 0.15732 s
std: 0.00764 s
avg gflops: 2.78597

