n=960
avg: 0.10335 s
max: 0.10563 s
min: 0.10180 s
std: 0.00131 s
avg gflops: 8.56042

