n=576
avg: 0.02271 s
max: 0.02334 s
min: 0.02229 s
std: 0.00033 s
avg gflops: 8.41335

