n=768
avg: 0.05325 s
max: 0.05444 s
min: 0.05270 s
std: 0.00050 s
avg gflops: 8.50650

