n=192
avg: 0.00103 s
max: 0.00110 s
min: 0.00100 s
std: 0.00003 s
avg gflops: 6.88045

