n=384
avg: 0.00666 s
max: 0.00678 s
min: 0.00653 s
std: 0.00007 s
avg gflops: 8.50090

