n=768
avg: 0.25974 s
max: 0.26277 s
min: 0.25683 s
std: 0.00264 s
avg gflops: 1.74399

