n=384
avg: 0.03275 s
max: 0.03317 s
min: 0.03241 s
std: 0.00029 s
avg gflops: 1.72888

