n=192
avg: 0.00415 s
max: 0.00422 s
min: 0.00409 s
std: 0.00004 s
avg gflops: 1.70552

