n=960
avg: 0.50480 s
max: 0.51337 s
min: 0.49780 s
std: 0.00566 s
avg gflops: 1.75263

