n=576
avg: 0.10925 s
max: 0.11114 s
min: 0.10801 s
std: 0.00096 s
avg gflops: 1.74930

