n=192
avg: 0.00069 s
max: 0.00070 s
min: 0.00068 s
std: 0.00001 s
avg gflops: 10.32009

