n=576
avg: 0.01597 s
max: 0.01629 s
min: 0.01572 s
std: 0.00017 s
avg gflops: 11.96897

