n=768
avg: 0.03885 s
max: 0.03991 s
min: 0.03751 s
std: 0.00067 s
avg gflops: 11.65905

