n=960
avg: 0.07967 s
max: 0.08131 s
min: 0.07735 s
std: 0.00137 s
avg gflops: 11.10564

