n=384
avg: 0.00476 s
max: 0.00486 s
min: 0.00463 s
std: 0.00007 s
avg gflops: 11.88906

