n=960
avg: 0.37649 s
max: 0.38940 s
min: 0.36371 s
std: 0.01069 s
avg gflops: 2.34993

