n=192
avg: 0.00280 s
max: 0.00306 s
min: 0.00272 s
std: 0.00011 s
avg gflops: 2.52659

