n=384
avg: 0.02358 s
max: 0.02532 s
min: 0.02287 s
std: 0.00076 s
avg gflops: 2.40159

