n=768
avg: 0.21357 s
max: 0.22908 s
min: 0.19231 s
std: 0.01385 s
avg gflops: 2.12103

