n=576
avg: 0.08029 s
max: 0.08480 s
min: 0.07781 s
std: 0.00196 s
avg gflops: 2.38019

