n=960
avg: 3.04179 s
max: 3.08902 s
min: 3.01423 s
std: 0.02733 s
avg gflops: 0.29086

