n=768
avg: 1.55197 s
max: 1.57480 s
min: 1.53349 s
std: 0.01123 s
avg gflops: 0.29188

