n=192
avg: 0.02461 s
max: 0.02920 s
min: 0.02375 s
std: 0.00154 s
avg gflops: 0.28764

