n=576
avg: 0.65265 s
max: 0.65713 s
min: 0.64574 s
std: 0.00283 s
avg gflops: 0.29281

