n=384
avg: 0.19383 s
max: 0.19807 s
min: 0.19037 s
std: 0.00280 s
avg gflops: 0.29212

