n=960
avg: 0.07887 s
max: 0.08096 s
min: 0.07767 s
std: 0.00096 s
avg gflops: 11.21732

