n=768
avg: 0.04140 s
max: 0.04210 s
min: 0.04052 s
std: 0.00055 s
avg gflops: 10.94074

