n=192
avg: 0.00090 s
max: 0.00195 s
min: 0.00075 s
std: 0.00035 s
avg gflops: 7.87860

