n=384
avg: 0.00508 s
max: 0.00514 s
min: 0.00499 s
std: 0.00004 s
avg gflops: 11.15333

