n=576
avg: 0.01760 s
max: 0.01820 s
min: 0.01724 s
std: 0.00028 s
avg gflops: 10.86015

