n=384
avg: 0.30099 s
std: 0.00605 s
avg gflops: 0.18812

