n=768
avg: 2.39627 s
std: 0.03399 s
avg gflops: 0.18904

