n=576
avg: 1.00873 s
std: 0.01563 s
avg gflops: 0.18945

