n=192
avg: 0.03760 s
std: 0.00076 s
avg gflops: 0.18822

