n=960
avg: 4.66309 s
std: 0.03324 s
avg gflops: 0.18973

