n=192
avg: 0.00073 s
max: 0.00106 s
min: 0.00068 s
std: 0.00011 s
avg gflops: 9.65046

