n=768
avg: 0.03865 s
max: 0.03931 s
min: 0.03750 s
std: 0.00053 s
avg gflops: 11.71938

