n=960
avg: 0.08049 s
max: 0.08393 s
min: 0.07737 s
std: 0.00177 s
avg gflops: 10.99220

