n=384
avg: 0.00481 s
max: 0.00502 s
min: 0.00462 s
std: 0.00010 s
avg gflops: 11.76962

