n=576
avg: 0.01606 s
max: 0.01637 s
min: 0.01568 s
std: 0.00024 s
avg gflops: 11.90108

