n=960
avg: 0.48488 s
max: 0.49316 s
min: 0.47940 s
std: 0.00443 s
avg gflops: 1.82464

