n=192
avg: 0.00392 s
max: 0.00401 s
min: 0.00384 s
std: 0.00005 s
avg gflops: 1.80561

