n=576
avg: 0.10579 s
max: 0.10757 s
min: 0.10297 s
std: 0.00132 s
avg gflops: 1.80639

