n=384
avg: 0.03148 s
max: 0.03214 s
min: 0.03117 s
std: 0.00032 s
avg gflops: 1.79854

