n=768
avg: 0.24922 s
max: 0.25297 s
min: 0.24480 s
std: 0.00304 s
avg gflops: 1.81758

