n=768
avg: 0.23011 s
max: 0.23329 s
min: 0.22558 s
std: 0.00274 s
avg gflops: 1.96858

