n=960
avg: 0.45311 s
max: 0.46006 s
min: 0.44395 s
std: 0.00452 s
avg gflops: 1.95258

