n=384
avg: 0.02881 s
max: 0.02940 s
min: 0.02832 s
std: 0.00031 s
avg gflops: 1.96554

