n=192
avg: 0.00351 s
max: 0.00361 s
min: 0.00340 s
std: 0.00007 s
avg gflops: 2.01809

