n=576
avg: 0.09798 s
max: 0.10013 s
min: 0.09578 s
std: 0.00130 s
avg gflops: 1.95045

