n=384
avg: 0.27750 s
max: 0.28155 s
min: 0.27294 s
std: 0.00304 s
avg gflops: 0.20405

