n=960
avg: 4.33495 s
max: 4.38290 s
min: 4.27358 s
std: 0.04286 s
avg gflops: 0.20409

