n=192
avg: 0.03372 s
max: 0.03412 s
min: 0.03329 s
std: 0.00026 s
avg gflops: 0.20988

