n=576
avg: 0.93554 s
max: 0.94951 s
min: 0.91658 s
std: 0.01134 s
avg gflops: 0.20427

