n=768
avg: 2.21962 s
max: 2.24143 s
min: 2.19145 s
std: 0.01849 s
avg gflops: 0.20408

