n=384
avg: 0.03146 s
max: 0.03186 s
min: 0.03108 s
std: 0.00029 s
avg gflops: 1.79958

