n=192
avg: 0.00389 s
max: 0.00394 s
min: 0.00384 s
std: 0.00004 s
avg gflops: 1.81875

