n=576
avg: 0.10496 s
max: 0.10659 s
min: 0.10349 s
std: 0.00087 s
avg gflops: 1.82079

