n=960
avg: 0.48058 s
max: 0.48851 s
min: 0.47486 s
std: 0.00546 s
avg gflops: 1.84099

