n=768
avg: 0.24604 s
max: 0.25076 s
min: 0.24308 s
std: 0.00245 s
avg gflops: 1.84108

