n=960
avg: 0.11225 s
max: 0.11443 s
min: 0.11045 s
std: 0.00138 s
avg gflops: 7.88163

