n=768
avg: 0.05668 s
max: 0.05884 s
min: 0.05523 s
std: 0.00088 s
avg gflops: 7.99148

