n=384
avg: 0.00722 s
max: 0.00739 s
min: 0.00709 s
std: 0.00008 s
avg gflops: 7.84268

