n=576
avg: 0.02450 s
max: 0.02516 s
min: 0.02400 s
std: 0.00035 s
avg gflops: 7.80043

