n=192
avg: 0.00120 s
max: 0.00254 s
min: 0.00103 s
std: 0.00045 s
avg gflops: 5.92213

