n=768
avg: 0.16071 s
max: 0.16944 s
min: 0.15787 s
std: 0.00348 s
avg gflops: 2.81869

