n=960
avg: 0.31225 s
max: 0.31673 s
min: 0.30742 s
std: 0.00355 s
avg gflops: 2.83347

