n=576
avg: 0.06786 s
max: 0.06938 s
min: 0.06734 s
std: 0.00056 s
avg gflops: 2.81624

