n=192
avg: 0.00248 s
max: 0.00257 s
min: 0.00240 s
std: 0.00004 s
avg gflops: 2.85645

