n=384
avg: 0.02005 s
max: 0.02040 s
min: 0.01971 s
std: 0.00021 s
avg gflops: 2.82470

