n=576
avg: 0.12604 s
max: 0.13004 s
min: 0.12323 s
std: 0.00258 s
avg gflops: 1.51626

