n=384
avg: 0.03802 s
max: 0.04018 s
min: 0.03693 s
std: 0.00098 s
avg gflops: 1.48926

