n=768
avg: 0.29776 s
max: 0.31689 s
min: 0.28958 s
std: 0.00864 s
avg gflops: 1.52133

