n=960
avg: 0.58346 s
max: 0.60456 s
min: 0.56359 s
std: 0.01327 s
avg gflops: 1.51636

