n=192
avg: 0.00471 s
max: 0.00498 s
min: 0.00456 s
std: 0.00013 s
avg gflops: 1.50352

