n=960
avg: 0.22009 s
max: 0.22387 s
min: 0.21842 s
std: 0.00193 s
avg gflops: 4.01995

