n=768
avg: 0.11304 s
max: 0.11571 s
min: 0.11143 s
std: 0.00143 s
avg gflops: 4.00719

