n=384
avg: 0.01415 s
max: 0.01445 s
min: 0.01400 s
std: 0.00014 s
avg gflops: 4.00107

