n=192
avg: 0.00181 s
max: 0.00187 s
min: 0.00177 s
std: 0.00003 s
avg gflops: 3.91062

