n=576
avg: 0.04817 s
max: 0.04927 s
min: 0.04736 s
std: 0.00066 s
avg gflops: 3.96766

