n=960
avg: 0.08181 s
max: 0.08253 s
min: 0.08136 s
std: 0.00039 s
avg gflops: 10.81395

