n=192
avg: 0.00086 s
max: 0.00098 s
min: 0.00080 s
std: 0.00005 s
avg gflops: 8.27186

