n=768
avg: 0.04273 s
max: 0.04355 s
min: 0.04160 s
std: 0.00060 s
avg gflops: 10.60058

