n=576
avg: 0.01761 s
max: 0.01799 s
min: 0.01711 s
std: 0.00026 s
avg gflops: 10.85423

