n=384
avg: 0.00523 s
max: 0.00531 s
min: 0.00516 s
std: 0.00004 s
avg gflops: 10.83038

