n=960
avg: 0.38786 s
max: 0.39217 s
min: 0.38287 s
std: 0.00380 s
avg gflops: 2.28109

