n=576
avg: 0.08376 s
max: 0.08955 s
min: 0.08191 s
std: 0.00218 s
avg gflops: 2.28150

