n=192
avg: 0.00320 s
max: 0.00494 s
min: 0.00294 s
std: 0.00058 s
avg gflops: 2.21209

