n=768
avg: 0.19728 s
max: 0.20551 s
min: 0.19454 s
std: 0.00326 s
avg gflops: 2.29618

