n=384
avg: 0.02441 s
max: 0.02521 s
min: 0.02386 s
std: 0.00041 s
avg gflops: 2.31988

