n=384
avg: 0.31622 s
std: 0.02734 s
avg gflops: 0.17906

