n=768
avg: 2.44501 s
std: 0.05582 s
avg gflops: 0.18527

