n=192
avg: 0.03792 s
std: 0.00081 s
avg gflops: 0.18666

