n=960
avg: 4.88496 s
std: 0.35690 s
avg gflops: 0.18111

