n=576
avg: 1.03435 s
std: 0.03794 s
avg gflops: 0.18476

