n=192
avg: 0.00493 s
max: 0.00530 s
min: 0.00446 s
std: 0.00034 s
avg gflops: 1.43642

