n=576
avg: 0.13254 s
max: 0.14035 s
min: 0.12383 s
std: 0.00450 s
avg gflops: 1.44183

