n=384
avg: 0.03720 s
max: 0.03999 s
min: 0.03556 s
std: 0.00145 s
avg gflops: 1.52195

