n=960
avg: 0.58579 s
max: 0.61292 s
min: 0.55786 s
std: 0.01838 s
avg gflops: 1.51033

