n=768
avg: 0.30057 s
max: 0.31307 s
min: 0.28769 s
std: 0.00970 s
avg gflops: 1.50710

