n=192
avg: 0.02300 s
max: 0.02383 s
min: 0.02261 s
std: 0.00037 s
avg gflops: 0.30768

