n=768
avg: 1.50703 s
max: 1.52927 s
min: 1.47801 s
std: 0.01767 s
avg gflops: 0.30058

