n=384
avg: 0.18767 s
max: 0.19084 s
min: 0.18440 s
std: 0.00207 s
avg gflops: 0.30172

