n=576
avg: 0.64224 s
max: 0.66291 s
min: 0.62989 s
std: 0.00919 s
avg gflops: 0.29756

