n=960
avg: 2.96288 s
max: 2.99383 s
min: 2.90614 s
std: 0.03268 s
avg gflops: 0.29861

