n=576
avg: 0.08923 s
max: 0.09220 s
min: 0.08715 s
std: 0.00144 s
avg gflops: 2.14158

