n=768
avg: 0.21207 s
max: 0.21691 s
min: 0.20770 s
std: 0.00260 s
avg gflops: 2.13606

