n=384
avg: 0.02619 s
max: 0.02706 s
min: 0.02579 s
std: 0.00037 s
avg gflops: 2.16180

