n=960
avg: 0.43031 s
max: 0.43807 s
min: 0.42265 s
std: 0.00527 s
avg gflops: 2.05602

