n=192
avg: 0.00314 s
max: 0.00319 s
min: 0.00308 s
std: 0.00004 s
avg gflops: 2.25279

