n=768
avg: 0.05525 s
max: 0.05713 s
min: 0.05386 s
std: 0.00095 s
avg gflops: 8.19928

