n=576
avg: 0.02306 s
max: 0.02350 s
min: 0.02257 s
std: 0.00029 s
avg gflops: 8.28572

