n=960
avg: 0.11017 s
max: 0.11390 s
min: 0.10619 s
std: 0.00213 s
avg gflops: 8.03039

