n=384
avg: 0.00681 s
max: 0.00694 s
min: 0.00670 s
std: 0.00007 s
avg gflops: 8.30943

