n=192
avg: 0.00095 s
max: 0.00100 s
min: 0.00091 s
std: 0.00003 s
avg gflops: 7.45107

