n=768
avg: 1.55046 s
max: 1.57877 s
min: 1.52466 s
std: 0.01546 s
avg gflops: 0.29216

