n=192
avg: 0.02447 s
max: 0.02755 s
min: 0.02381 s
std: 0.00105 s
avg gflops: 0.28926

