n=576
avg: 0.65700 s
max: 0.66698 s
min: 0.64736 s
std: 0.00615 s
avg gflops: 0.29087

