n=960
avg: 3.03438 s
max: 3.07925 s
min: 3.00508 s
std: 0.02257 s
avg gflops: 0.29157

