n=384
avg: 0.19338 s
max: 0.19566 s
min: 0.19152 s
std: 0.00142 s
avg gflops: 0.29281

