n=960
avg: 0.61714 s
max: 0.62613 s
min: 0.60447 s
std: 0.00729 s
avg gflops: 1.43361

