n=576
avg: 0.13057 s
max: 0.13827 s
min: 0.12785 s
std: 0.00293 s
avg gflops: 1.46358

