n=192
avg: 0.00493 s
max: 0.00510 s
min: 0.00485 s
std: 0.00007 s
avg gflops: 1.43579

