n=384
avg: 0.03865 s
max: 0.03925 s
min: 0.03827 s
std: 0.00026 s
avg gflops: 1.46519

