n=768
avg: 0.31590 s
max: 0.32287 s
min: 0.31183 s
std: 0.00317 s
avg gflops: 1.43395

