n=384
avg: 0.00500 s
max: 0.00512 s
min: 0.00493 s
std: 0.00005 s
avg gflops: 11.33223

