n=768
avg: 0.04025 s
max: 0.04119 s
min: 0.03847 s
std: 0.00082 s
avg gflops: 11.25491

