n=576
avg: 0.01698 s
max: 0.01722 s
min: 0.01644 s
std: 0.00023 s
avg gflops: 11.25673

