n=960
avg: 0.07716 s
max: 0.07907 s
min: 0.07583 s
std: 0.00107 s
avg gflops: 11.46667

