n=192
avg: 0.00078 s
max: 0.00083 s
min: 0.00076 s
std: 0.00003 s
avg gflops: 9.07557

