n=576
avg: 0.10079 s
max: 0.11078 s
min: 0.09876 s
std: 0.00341 s
avg gflops: 1.89608

