n=192
avg: 0.00406 s
max: 0.00546 s
min: 0.00375 s
std: 0.00056 s
avg gflops: 1.74284

