n=768
avg: 0.23453 s
max: 0.23732 s
min: 0.23188 s
std: 0.00199 s
avg gflops: 1.93144

