n=960
avg: 0.45772 s
max: 0.46174 s
min: 0.45363 s
std: 0.00316 s
avg gflops: 1.93291

