n=384
avg: 0.02984 s
max: 0.03022 s
min: 0.02951 s
std: 0.00023 s
avg gflops: 1.89744

