n=960
avg: 0.53902 s
max: 0.54435 s
min: 0.52793 s
std: 0.00547 s
avg gflops: 1.64137

