n=768
avg: 0.24835 s
max: 0.25414 s
min: 0.24403 s
std: 0.00320 s
avg gflops: 1.82396

