n=576
avg: 0.10183 s
max: 0.10322 s
min: 0.10104 s
std: 0.00071 s
avg gflops: 1.87677

