n=384
avg: 0.03009 s
max: 0.03068 s
min: 0.02988 s
std: 0.00022 s
avg gflops: 1.88150

