n=576
avg: 0.64547 s
max: 0.67030 s
min: 0.63583 s
std: 0.00960 s
avg gflops: 0.29607

