n=960
avg: 2.98856 s
max: 3.06384 s
min: 2.95788 s
std: 0.02780 s
avg gflops: 0.29604

