n=384
avg: 0.19131 s
max: 0.19286 s
min: 0.19002 s
std: 0.00091 s
avg gflops: 0.29597

