n=768
avg: 1.53128 s
max: 1.55583 s
min: 1.51947 s
std: 0.01017 s
avg gflops: 0.29582

