n=192
avg: 0.02376 s
max: 0.02414 s
min: 0.02340 s
std: 0.00022 s
avg gflops: 0.29786

