n=576
avg: 0.07362 s
max: 0.07505 s
min: 0.07247 s
std: 0.00087 s
avg gflops: 2.59573

