n=384
avg: 0.02176 s
max: 0.02210 s
min: 0.02116 s
std: 0.00027 s
avg gflops: 2.60252

