n=960
avg: 0.33867 s
max: 0.34584 s
min: 0.33311 s
std: 0.00472 s
avg gflops: 2.61235

