n=768
avg: 0.17445 s
max: 0.17824 s
min: 0.17020 s
std: 0.00247 s
avg gflops: 2.59660

