n=192
avg: 0.00269 s
max: 0.00274 s
min: 0.00265 s
std: 0.00003 s
avg gflops: 2.63290

