n=576
avg: 0.10597 s
max: 0.10696 s
min: 0.10469 s
std: 0.00089 s
avg gflops: 1.80339

