n=384
avg: 0.03163 s
max: 0.03280 s
min: 0.03062 s
std: 0.00056 s
avg gflops: 1.79037

