n=960
avg: 0.48622 s
max: 0.49588 s
min: 0.48113 s
std: 0.00462 s
avg gflops: 1.81963

