n=768
avg: 0.25154 s
max: 0.25380 s
min: 0.24749 s
std: 0.00238 s
avg gflops: 1.80085

