n=192
avg: 0.00390 s
max: 0.00403 s
min: 0.00384 s
std: 0.00006 s
avg gflops: 1.81356

