n=192
avg: 0.00348 s
max: 0.00358 s
min: 0.00342 s
std: 0.00005 s
avg gflops: 2.03581

