n=960
avg: 0.47711 s
max: 0.57466 s
min: 0.45085 s
std: 0.03623 s
avg gflops: 1.85436

