n=576
avg: 0.09970 s
max: 0.10433 s
min: 0.09677 s
std: 0.00245 s
avg gflops: 1.91680

