n=384
avg: 0.02954 s
max: 0.03064 s
min: 0.02863 s
std: 0.00073 s
avg gflops: 1.91680

