n=768
avg: 0.24753 s
max: 0.25954 s
min: 0.23033 s
std: 0.00738 s
avg gflops: 1.83003

