n=960
avg: 1.33453 s
max: 1.34394 s
min: 1.32459 s
std: 0.00539 s
avg gflops: 0.66296

