n=192
avg: 0.01077 s
max: 0.01094 s
min: 0.01064 s
std: 0.00009 s
avg gflops: 0.65736

