n=576
avg: 0.28769 s
max: 0.29053 s
min: 0.28526 s
std: 0.00184 s
avg gflops: 0.66427

