n=768
avg: 0.68091 s
max: 0.68636 s
min: 0.67488 s
std: 0.00371 s
avg gflops: 0.66526

