n=384
avg: 0.08560 s
max: 0.08632 s
min: 0.08465 s
std: 0.00057 s
avg gflops: 0.66152

