n=768
avg: 0.03973 s
max: 0.04052 s
min: 0.03923 s
std: 0.00044 s
avg gflops: 11.40136

