n=960
avg: 0.07778 s
max: 0.07942 s
min: 0.07689 s
std: 0.00100 s
avg gflops: 11.37443

