n=384
avg: 0.00491 s
max: 0.00551 s
min: 0.00475 s
std: 0.00021 s
avg gflops: 11.52383

