n=576
avg: 0.01752 s
max: 0.02524 s
min: 0.01632 s
std: 0.00258 s
avg gflops: 10.90502

