n=192
avg: 0.00080 s
max: 0.00083 s
min: 0.00078 s
std: 0.00001 s
avg gflops: 8.89494

