n=384
avg: 0.02137 s
max: 0.02179 s
min: 0.02112 s
std: 0.00023 s
avg gflops: 2.64949

