n=576
avg: 0.07569 s
max: 0.08107 s
min: 0.07361 s
std: 0.00197 s
avg gflops: 2.52467

