n=192
avg: 0.00255 s
max: 0.00283 s
min: 0.00247 s
std: 0.00010 s
avg gflops: 2.77124

