n=960
avg: 0.34495 s
max: 0.35152 s
min: 0.32922 s
std: 0.00569 s
avg gflops: 2.56484

