n=768
avg: 0.17455 s
max: 0.17954 s
min: 0.16725 s
std: 0.00397 s
avg gflops: 2.59511

