n=960
avg: 0.24354 s
max: 0.24646 s
min: 0.23954 s
std: 0.00256 s
avg gflops: 3.63279

