n=576
avg: 0.05332 s
max: 0.05452 s
min: 0.05250 s
std: 0.00066 s
avg gflops: 3.58401

