n=192
avg: 0.00218 s
max: 0.00460 s
min: 0.00186 s
std: 0.00081 s
avg gflops: 3.24191

