n=768
avg: 0.12410 s
max: 0.12592 s
min: 0.12316 s
std: 0.00104 s
avg gflops: 3.65012

