n=384
avg: 0.01584 s
max: 0.01618 s
min: 0.01564 s
std: 0.00016 s
avg gflops: 3.57568

