n=192
avg: 0.00255 s
max: 0.00259 s
min: 0.00250 s
std: 0.00003 s
avg gflops: 2.77442

