n=768
avg: 0.17364 s
max: 0.17641 s
min: 0.17212 s
std: 0.00150 s
avg gflops: 2.60874

