n=576
avg: 0.07400 s
max: 0.07687 s
min: 0.07263 s
std: 0.00126 s
avg gflops: 2.58264

