n=384
avg: 0.02147 s
max: 0.02190 s
min: 0.02110 s
std: 0.00024 s
avg gflops: 2.63764

