n=960
avg: 0.34667 s
max: 0.35183 s
min: 0.34444 s
std: 0.00229 s
avg gflops: 2.55212

