n=576
avg: 0.11504 s
max: 0.12184 s
min: 0.11170 s
std: 0.00261 s
avg gflops: 1.66122

