n=192
avg: 0.00444 s
max: 0.00456 s
min: 0.00427 s
std: 0.00010 s
avg gflops: 1.59557

