n=768
avg: 0.26750 s
max: 0.27446 s
min: 0.26043 s
std: 0.00466 s
avg gflops: 1.69340

