n=384
avg: 0.03388 s
max: 0.03457 s
min: 0.03284 s
std: 0.00055 s
avg gflops: 1.67127

