n=960
avg: 0.51605 s
max: 0.52197 s
min: 0.51024 s
std: 0.00328 s
avg gflops: 1.71444

