n=960
avg: 0.64793 s
max: 0.66286 s
min: 0.64034 s
std: 0.00774 s
avg gflops: 1.36548

