n=192
avg: 0.00517 s
max: 0.00525 s
min: 0.00513 s
std: 0.00003 s
avg gflops: 1.36989

