n=768
avg: 0.33511 s
max: 0.33963 s
min: 0.32944 s
std: 0.00419 s
avg gflops: 1.35175

