n=576
avg: 0.13728 s
max: 0.13955 s
min: 0.13556 s
std: 0.00114 s
avg gflops: 1.39206

