n=384
avg: 0.04161 s
max: 0.04206 s
min: 0.04101 s
std: 0.00033 s
avg gflops: 1.36080

