n=384
avg: 0.27826 s
max: 0.28292 s
min: 0.27379 s
std: 0.00313 s
avg gflops: 0.20349

