n=192
avg: 0.03426 s
max: 0.03524 s
min: 0.03364 s
std: 0.00045 s
avg gflops: 0.20657

