n=960
avg: 4.36321 s
max: 4.44412 s
min: 4.27062 s
std: 0.05759 s
avg gflops: 0.20277

