n=576
avg: 0.93772 s
max: 0.96924 s
min: 0.92253 s
std: 0.01495 s
avg gflops: 0.20379

