n=768
avg: 2.23481 s
max: 2.27971 s
min: 2.20487 s
std: 0.02433 s
avg gflops: 0.20270

