n=768
avg: 1.49077 s
max: 1.51337 s
min: 1.46585 s
std: 0.01623 s
avg gflops: 0.30386

