n=960
avg: 2.92749 s
max: 2.96425 s
min: 2.88577 s
std: 0.03002 s
avg gflops: 0.30222

