n=192
avg: 0.02278 s
max: 0.02318 s
min: 0.02241 s
std: 0.00023 s
avg gflops: 0.31073

