n=384
avg: 0.18682 s
max: 0.19040 s
min: 0.18289 s
std: 0.00229 s
avg gflops: 0.30309

