n=576
avg: 0.63348 s
max: 0.63968 s
min: 0.62233 s
std: 0.00623 s
avg gflops: 0.30167

