n=192
avg: 0.03392 s
max: 0.03479 s
min: 0.03346 s
std: 0.00045 s
avg gflops: 0.20868

