n=384
avg: 0.27298 s
max: 0.28020 s
min: 0.26723 s
std: 0.00355 s
avg gflops: 0.20743

