n=960
avg: 4.26754 s
max: 4.32911 s
min: 4.18947 s
std: 0.04408 s
avg gflops: 0.20732

