n=576
avg: 0.92699 s
max: 0.95606 s
min: 0.90828 s
std: 0.01371 s
avg gflops: 0.20615

