n=768
avg: 2.18578 s
max: 2.21036 s
min: 2.15789 s
std: 0.02049 s
avg gflops: 0.20724

