n=192
avg: 0.00393 s
max: 0.00407 s
min: 0.00388 s
std: 0.00006 s
avg gflops: 1.79905

