n=768
avg: 0.24790 s
max: 0.25279 s
min: 0.24330 s
std: 0.00306 s
avg gflops: 1.82729

