n=768
avg: 0.24778 s
max: 0.25077 s
min: 0.24558 s
std: 0.00215 s
avg gflops: 1.82820

