n=960
avg: 0.48657 s
max: 0.49892 s
min: 0.47748 s
std: 0.00579 s
avg gflops: 1.81832

