n=384
avg: 0.03122 s
max: 0.03218 s
min: 0.03084 s
std: 0.00037 s
avg gflops: 1.81368

