n=384
avg: 0.03116 s
max: 0.03168 s
min: 0.03075 s
std: 0.00028 s
avg gflops: 1.81742

