n=576
avg: 0.10728 s
max: 0.11420 s
min: 0.10561 s
std: 0.00249 s
avg gflops: 1.78137

