n=576
avg: 0.10666 s
max: 0.10807 s
min: 0.10525 s
std: 0.00095 s
avg gflops: 1.79163

