n=192
avg: 0.00397 s
max: 0.00437 s
min: 0.00385 s
std: 0.00016 s
avg gflops: 1.78222

