n=960
avg: 0.48560 s
max: 0.49575 s
min: 0.48030 s
std: 0.00418 s
avg gflops: 1.82193

