n=384
avg: 0.01974 s
max: 0.01991 s
min: 0.01954 s
std: 0.00013 s
avg gflops: 2.86868

