n=576
avg: 0.06652 s
max: 0.06793 s
min: 0.06575 s
std: 0.00068 s
avg gflops: 2.87276

