n=960
avg: 0.30792 s
max: 0.31642 s
min: 0.30415 s
std: 0.00369 s
avg gflops: 2.87325

