n=192
avg: 0.00246 s
max: 0.00250 s
min: 0.00242 s
std: 0.00002 s
avg gflops: 2.87188

