n=768
avg: 0.15688 s
max: 0.15920 s
min: 0.15452 s
std: 0.00150 s
avg gflops: 2.88749

