n=384
avg: 0.02865 s
max: 0.02917 s
min: 0.02833 s
std: 0.00026 s
avg gflops: 1.97619

