n=768
avg: 0.22778 s
max: 0.23172 s
min: 0.22376 s
std: 0.00243 s
avg gflops: 1.98870

