n=960
avg: 0.44611 s
max: 0.45033 s
min: 0.43966 s
std: 0.00412 s
avg gflops: 1.98321

