n=576
avg: 0.09644 s
max: 0.09814 s
min: 0.09505 s
std: 0.00106 s
avg gflops: 1.98164

