n=192
avg: 0.00342 s
max: 0.00346 s
min: 0.00337 s
std: 0.00003 s
avg gflops: 2.06852

