n=576
avg: 0.66569 s
max: 0.68759 s
min: 0.65135 s
std: 0.01176 s
avg gflops: 0.28708

