n=960
avg: 3.36531 s
max: 3.41202 s
min: 3.31533 s
std: 0.03078 s
avg gflops: 0.26290

