n=192
avg: 0.02520 s
max: 0.03188 s
min: 0.02392 s
std: 0.00225 s
avg gflops: 0.28084

