n=768
avg: 1.58680 s
max: 1.61579 s
min: 1.56261 s
std: 0.01817 s
avg gflops: 0.28547

