n=384
avg: 0.19659 s
max: 0.20095 s
min: 0.19148 s
std: 0.00277 s
avg gflops: 0.28802

