n=960
avg: 3.94069 s
std: 0.13245 s
avg gflops: 0.22451

