n=384
avg: 0.21786 s
std: 0.00867 s
avg gflops: 0.25991

