n=768
avg: 1.91495 s
std: 0.11212 s
avg gflops: 0.23655

