n=192
avg: 0.02682 s
std: 0.00085 s
avg gflops: 0.26392

