n=576
avg: 0.75076 s
std: 0.03770 s
avg gflops: 0.25455

