n=768
avg: 0.04000 s
max: 0.04063 s
min: 0.03917 s
std: 0.00051 s
avg gflops: 11.32470

