n=960
avg: 0.07896 s
max: 0.08287 s
min: 0.07607 s
std: 0.00205 s
avg gflops: 11.20511

