n=192
avg: 0.00080 s
max: 0.00087 s
min: 0.00078 s
std: 0.00003 s
avg gflops: 8.80905

