n=576
avg: 0.01670 s
max: 0.01707 s
min: 0.01648 s
std: 0.00016 s
avg gflops: 11.44646

