n=384
avg: 0.00488 s
max: 0.00493 s
min: 0.00482 s
std: 0.00004 s
avg gflops: 11.60338

