n=576
avg: 0.11251 s
max: 0.11431 s
min: 0.11184 s
std: 0.00079 s
avg gflops: 1.69856

