n=768
avg: 0.26637 s
max: 0.26993 s
min: 0.26418 s
std: 0.00234 s
avg gflops: 1.70059

