n=384
avg: 0.03353 s
max: 0.03401 s
min: 0.03296 s
std: 0.00031 s
avg gflops: 1.68854

