n=192
avg: 0.00465 s
max: 0.00863 s
min: 0.00418 s
std: 0.00133 s
avg gflops: 1.52232

