n=960
avg: 0.52073 s
max: 0.52546 s
min: 0.51469 s
std: 0.00448 s
avg gflops: 1.69902

