n=576
avg: 0.07588 s
max: 0.07906 s
min: 0.07200 s
std: 0.00183 s
avg gflops: 2.51865

