n=192
avg: 0.00256 s
max: 0.00267 s
min: 0.00248 s
std: 0.00006 s
avg gflops: 2.76237

