n=384
avg: 0.02166 s
max: 0.02230 s
min: 0.02141 s
std: 0.00027 s
avg gflops: 2.61377

