n=768
avg: 0.17807 s
max: 0.18373 s
min: 0.17228 s
std: 0.00365 s
avg gflops: 2.54387

