n=960
avg: 0.34848 s
max: 0.35577 s
min: 0.34322 s
std: 0.00453 s
avg gflops: 2.53884

