n=960
avg: 0.44758 s
max: 0.45291 s
min: 0.44451 s
std: 0.00334 s
avg gflops: 1.97672

