n=192
avg: 0.00368 s
max: 0.00376 s
min: 0.00364 s
std: 0.00004 s
avg gflops: 1.92325

