n=576
avg: 0.09688 s
max: 0.09866 s
min: 0.09510 s
std: 0.00107 s
avg gflops: 1.97247

