n=384
avg: 0.02936 s
max: 0.02990 s
min: 0.02867 s
std: 0.00037 s
avg gflops: 1.92875

