n=768
avg: 0.22805 s
max: 0.23198 s
min: 0.22511 s
std: 0.00165 s
avg gflops: 1.98633

