n=384
avg: 0.02753 s
max: 0.02973 s
min: 0.02500 s
std: 0.00148 s
avg gflops: 2.05664

