n=576
avg: 0.08932 s
max: 0.09566 s
min: 0.08341 s
std: 0.00455 s
avg gflops: 2.13943

