n=960
avg: 0.40751 s
max: 0.42932 s
min: 0.37803 s
std: 0.01631 s
avg gflops: 2.17109

