n=768
avg: 0.20277 s
max: 0.21938 s
min: 0.19515 s
std: 0.00798 s
avg gflops: 2.23395

