n=192
avg: 0.00313 s
max: 0.00352 s
min: 0.00295 s
std: 0.00019 s
avg gflops: 2.26413

