n=576
avg: 0.06680 s
max: 0.06740 s
min: 0.06589 s
std: 0.00045 s
avg gflops: 2.86087

