n=192
avg: 0.00245 s
max: 0.00255 s
min: 0.00240 s
std: 0.00005 s
avg gflops: 2.89150

