n=960
avg: 0.30911 s
max: 0.31701 s
min: 0.30467 s
std: 0.00389 s
avg gflops: 2.86219

