n=384
avg: 0.01989 s
max: 0.02012 s
min: 0.01959 s
std: 0.00017 s
avg gflops: 2.84681

