n=768
avg: 0.15804 s
max: 0.16022 s
min: 0.15617 s
std: 0.00143 s
avg gflops: 2.86621

