n=768
avg: 0.23310 s
max: 0.23538 s
min: 0.23113 s
std: 0.00119 s
avg gflops: 1.94331

