n=576
avg: 0.09870 s
max: 0.10064 s
min: 0.09773 s
std: 0.00072 s
avg gflops: 1.93628

