n=960
avg: 0.45590 s
max: 0.46014 s
min: 0.45300 s
std: 0.00240 s
avg gflops: 1.94062

