n=384
avg: 0.02974 s
max: 0.03018 s
min: 0.02935 s
std: 0.00027 s
avg gflops: 1.90396

