n=192
avg: 0.00382 s
max: 0.00396 s
min: 0.00375 s
std: 0.00007 s
avg gflops: 1.85480

