n=960
avg: 0.46730 s
max: 0.47663 s
min: 0.46026 s
std: 0.00602 s
avg gflops: 1.89328

