n=192
avg: 0.00370 s
max: 0.00400 s
min: 0.00356 s
std: 0.00016 s
avg gflops: 1.91224

