n=768
avg: 0.24506 s
max: 0.25773 s
min: 0.23216 s
std: 0.00749 s
avg gflops: 1.84846

