n=384
avg: 0.03081 s
max: 0.03253 s
min: 0.02986 s
std: 0.00080 s
avg gflops: 1.83778

