n=576
avg: 0.10431 s
max: 0.10831 s
min: 0.09964 s
std: 0.00275 s
avg gflops: 1.83198

