n=384
avg: 0.02577 s
max: 0.02740 s
min: 0.02435 s
std: 0.00119 s
avg gflops: 2.19727

