n=960
avg: 0.40273 s
max: 0.44031 s
min: 0.37570 s
std: 0.02347 s
avg gflops: 2.19686

