n=192
avg: 0.00316 s
max: 0.00337 s
min: 0.00294 s
std: 0.00013 s
avg gflops: 2.24007

