n=576
avg: 0.08494 s
max: 0.08847 s
min: 0.08177 s
std: 0.00219 s
avg gflops: 2.24984

