n=768
avg: 0.20511 s
max: 0.21563 s
min: 0.19478 s
std: 0.00777 s
avg gflops: 2.20855

