n=576
avg: 0.11640 s
max: 0.12011 s
min: 0.10962 s
std: 0.00319 s
avg gflops: 1.64183

