n=384
avg: 0.03465 s
max: 0.03654 s
min: 0.03320 s
std: 0.00127 s
avg gflops: 1.63393

