n=768
avg: 0.27377 s
max: 0.28264 s
min: 0.26371 s
std: 0.00639 s
avg gflops: 1.65463

