n=192
avg: 0.00424 s
max: 0.00445 s
min: 0.00409 s
std: 0.00012 s
avg gflops: 1.66929

