n=960
avg: 0.53254 s
max: 0.54820 s
min: 0.52120 s
std: 0.00858 s
avg gflops: 1.66136

