n=768
avg: 0.15901 s
max: 0.16596 s
min: 0.15728 s
std: 0.00256 s
avg gflops: 2.84873

