n=960
avg: 0.31201 s
max: 0.31507 s
min: 0.30662 s
std: 0.00321 s
avg gflops: 2.83557

