n=576
avg: 0.06753 s
max: 0.06866 s
min: 0.06668 s
std: 0.00073 s
avg gflops: 2.83002

