n=384
avg: 0.02001 s
max: 0.02012 s
min: 0.01978 s
std: 0.00011 s
avg gflops: 2.82997

