n=192
avg: 0.00275 s
max: 0.00484 s
min: 0.00244 s
std: 0.00070 s
avg gflops: 2.57431

