n=192
avg: 0.00602 s
max: 0.00656 s
min: 0.00497 s
std: 0.00050 s
avg gflops: 1.17620

