n=576
avg: 0.15103 s
max: 0.17267 s
min: 0.13242 s
std: 0.01609 s
avg gflops: 1.26531

