n=960
avg: 0.68431 s
max: 0.79262 s
min: 0.64182 s
std: 0.04659 s
avg gflops: 1.29289

