n=384
avg: 0.04596 s
max: 0.05146 s
min: 0.03974 s
std: 0.00415 s
avg gflops: 1.23211

