n=768
avg: 0.34986 s
max: 0.41381 s
min: 0.31705 s
std: 0.03168 s
avg gflops: 1.29477

