n=384
avg: 0.19005 s
max: 0.19425 s
min: 0.18578 s
std: 0.00258 s
avg gflops: 0.29794

