n=576
avg: 0.64002 s
max: 0.65029 s
min: 0.62849 s
std: 0.00657 s
avg gflops: 0.29859

