n=768
avg: 1.51436 s
max: 1.53447 s
min: 1.47952 s
std: 0.01759 s
avg gflops: 0.29913

