n=192
avg: 0.02354 s
max: 0.02399 s
min: 0.02328 s
std: 0.00023 s
avg gflops: 0.30065

