n=960
avg: 2.95965 s
max: 2.98800 s
min: 2.93116 s
std: 0.01959 s
avg gflops: 0.29893

