n=192
avg: 0.00283 s
max: 0.00290 s
min: 0.00274 s
std: 0.00005 s
avg gflops: 2.50208

