n=576
avg: 0.07552 s
max: 0.07723 s
min: 0.07313 s
std: 0.00117 s
avg gflops: 2.53047

