n=768
avg: 0.17280 s
max: 0.17656 s
min: 0.16950 s
std: 0.00211 s
avg gflops: 2.62145

