n=960
avg: 0.34204 s
max: 0.34815 s
min: 0.33605 s
std: 0.00456 s
avg gflops: 2.58665

