n=384
avg: 0.02186 s
max: 0.02210 s
min: 0.02136 s
std: 0.00024 s
avg gflops: 2.58971

