n=384
avg: 0.02563 s
max: 0.02659 s
min: 0.02519 s
std: 0.00040 s
avg gflops: 2.20967

