n=192
avg: 0.00318 s
max: 0.00330 s
min: 0.00312 s
std: 0.00005 s
avg gflops: 2.22580

