n=768
avg: 0.20018 s
max: 0.20457 s
min: 0.19696 s
std: 0.00222 s
avg gflops: 2.26287

