n=960
avg: 0.39254 s
max: 0.39981 s
min: 0.38528 s
std: 0.00530 s
avg gflops: 2.25385

