n=576
avg: 0.08494 s
max: 0.08617 s
min: 0.08405 s
std: 0.00061 s
avg gflops: 2.24983

