n=960
avg: 0.47249 s
max: 0.47939 s
min: 0.46640 s
std: 0.00448 s
avg gflops: 1.87248

