n=768
avg: 0.24359 s
max: 0.24684 s
min: 0.24105 s
std: 0.00230 s
avg gflops: 1.85963

