n=384
avg: 0.03092 s
max: 0.03139 s
min: 0.03012 s
std: 0.00034 s
avg gflops: 1.83143

