n=576
avg: 0.10320 s
max: 0.10432 s
min: 0.10115 s
std: 0.00113 s
avg gflops: 1.85182

