n=576
avg: 0.12074 s
max: 0.12476 s
min: 0.11922 s
std: 0.00154 s
avg gflops: 1.58273

