n=384
avg: 0.03576 s
max: 0.03654 s
min: 0.03511 s
std: 0.00039 s
avg gflops: 1.58330

