n=192
avg: 0.00429 s
max: 0.00438 s
min: 0.00420 s
std: 0.00005 s
avg gflops: 1.64870

