n=768
avg: 0.28789 s
max: 0.29393 s
min: 0.28191 s
std: 0.00378 s
avg gflops: 1.57345

