n=960
avg: 0.56542 s
max: 0.57106 s
min: 0.55538 s
std: 0.00624 s
avg gflops: 1.56474

