n=576
avg: 0.07493 s
max: 0.07603 s
min: 0.07379 s
std: 0.00075 s
avg gflops: 2.55033

