n=960
avg: 0.33808 s
max: 0.34262 s
min: 0.33019 s
std: 0.00372 s
avg gflops: 2.61698

