n=192
avg: 0.00270 s
max: 0.00279 s
min: 0.00261 s
std: 0.00006 s
avg gflops: 2.61898

