n=768
avg: 0.17279 s
max: 0.17569 s
min: 0.17093 s
std: 0.00161 s
avg gflops: 2.62163

