n=384
avg: 0.02206 s
max: 0.02254 s
min: 0.02166 s
std: 0.00029 s
avg gflops: 2.56667

