n=768
avg: 1.54288 s
max: 1.58045 s
min: 1.52338 s
std: 0.01643 s
avg gflops: 0.29360

