n=384
avg: 0.19291 s
max: 0.19799 s
min: 0.18907 s
std: 0.00252 s
avg gflops: 0.29352

