n=960
avg: 3.01636 s
max: 3.07009 s
min: 2.99018 s
std: 0.02643 s
avg gflops: 0.29331

