n=576
avg: 0.65016 s
max: 0.65734 s
min: 0.64190 s
std: 0.00505 s
avg gflops: 0.29393

