n=192
avg: 0.02367 s
max: 0.02441 s
min: 0.02300 s
std: 0.00032 s
avg gflops: 0.29896

