n=960
avg: 0.11313 s
max: 0.11897 s
min: 0.10984 s
std: 0.00233 s
avg gflops: 7.82044

