n=192
avg: 0.00099 s
max: 0.00117 s
min: 0.00093 s
std: 0.00007 s
avg gflops: 7.16054

