n=384
avg: 0.00703 s
max: 0.00720 s
min: 0.00687 s
std: 0.00009 s
avg gflops: 8.05175

