n=768
avg: 0.05610 s
max: 0.05861 s
min: 0.05445 s
std: 0.00105 s
avg gflops: 8.07493

