n=576
avg: 0.02353 s
max: 0.02382 s
min: 0.02319 s
std: 0.00021 s
avg gflops: 8.12061

