n=192
avg: 0.00284 s
max: 0.00296 s
min: 0.00277 s
std: 0.00006 s
avg gflops: 2.49464

