n=384
avg: 0.02615 s
max: 0.02833 s
min: 0.02362 s
std: 0.00185 s
avg gflops: 2.16529

