n=576
avg: 0.09252 s
max: 0.09970 s
min: 0.08222 s
std: 0.00726 s
avg gflops: 2.06556

