n=768
avg: 0.21452 s
max: 0.23464 s
min: 0.19207 s
std: 0.01605 s
avg gflops: 2.11162

