n=960
avg: 0.42224 s
max: 0.45823 s
min: 0.38230 s
std: 0.02555 s
avg gflops: 2.09532

