n=576
avg: 0.09200 s
max: 0.09532 s
min: 0.08590 s
std: 0.00321 s
avg gflops: 2.07720

