n=768
avg: 0.21431 s
max: 0.22710 s
min: 0.20446 s
std: 0.00722 s
avg gflops: 2.11373

