n=192
avg: 0.00331 s
max: 0.00345 s
min: 0.00310 s
std: 0.00012 s
avg gflops: 2.14101

