n=384
avg: 0.02662 s
max: 0.02893 s
min: 0.02536 s
std: 0.00113 s
avg gflops: 2.12681

