n=960
avg: 0.42846 s
max: 0.44790 s
min: 0.40631 s
std: 0.01543 s
avg gflops: 2.06492

