n=960
avg: 0.32354 s
max: 0.32666 s
min: 0.31897 s
std: 0.00222 s
avg gflops: 2.73455

