n=768
avg: 0.16704 s
max: 0.17229 s
min: 0.16395 s
std: 0.00222 s
avg gflops: 2.71180

