n=384
avg: 0.02140 s
max: 0.02165 s
min: 0.02118 s
std: 0.00014 s
avg gflops: 2.64552

