n=576
avg: 0.07285 s
max: 0.07415 s
min: 0.07171 s
std: 0.00082 s
avg gflops: 2.62319

