n=768
avg: 0.05704 s
max: 0.06542 s
min: 0.05521 s
std: 0.00290 s
avg gflops: 7.94175

