n=192
avg: 0.00107 s
max: 0.00122 s
min: 0.00102 s
std: 0.00006 s
avg gflops: 6.64224

