n=384
avg: 0.00699 s
max: 0.00709 s
min: 0.00691 s
std: 0.00007 s
avg gflops: 8.10421

