n=576
avg: 0.02400 s
max: 0.02706 s
min: 0.02338 s
std: 0.00104 s
avg gflops: 7.96317

