n=960
avg: 0.10852 s
max: 0.11114 s
min: 0.10703 s
std: 0.00098 s
avg gflops: 8.15305

