n=192
avg: 0.00184 s
max: 0.00194 s
min: 0.00179 s
std: 0.00005 s
avg gflops: 3.84459

