n=576
avg: 0.05017 s
max: 0.05562 s
min: 0.04867 s
std: 0.00199 s
avg gflops: 3.80925

