n=768
avg: 0.11761 s
max: 0.12545 s
min: 0.11465 s
std: 0.00304 s
avg gflops: 3.85148

