n=960
avg: 0.22550 s
max: 0.23107 s
min: 0.22053 s
std: 0.00332 s
avg gflops: 3.92347

