n=384
avg: 0.01450 s
max: 0.01476 s
min: 0.01419 s
std: 0.00016 s
avg gflops: 3.90499

