n=576
avg: 0.10998 s
max: 0.11182 s
min: 0.10868 s
std: 0.00094 s
avg gflops: 1.73755

