n=960
avg: 0.50008 s
max: 0.50906 s
min: 0.49393 s
std: 0.00412 s
avg gflops: 1.76918

