n=192
avg: 0.00417 s
max: 0.00426 s
min: 0.00407 s
std: 0.00007 s
avg gflops: 1.69607

