n=768
avg: 0.25507 s
max: 0.25891 s
min: 0.25123 s
std: 0.00232 s
avg gflops: 1.77589

