n=384
avg: 0.03276 s
max: 0.03309 s
min: 0.03229 s
std: 0.00027 s
avg gflops: 1.72860

