n=384
avg: 0.02608 s
max: 0.03064 s
min: 0.02410 s
std: 0.00209 s
avg gflops: 2.17122

