n=576
avg: 0.08658 s
max: 0.09717 s
min: 0.07997 s
std: 0.00672 s
avg gflops: 2.20729

