n=768
avg: 0.20805 s
max: 0.22941 s
min: 0.19332 s
std: 0.01321 s
avg gflops: 2.17731

