n=192
avg: 0.00313 s
max: 0.00368 s
min: 0.00291 s
std: 0.00028 s
avg gflops: 2.26045

