n=960
avg: 0.41279 s
max: 0.44428 s
min: 0.38770 s
std: 0.02108 s
avg gflops: 2.14332

