n=960
avg: 0.78041 s
max: 0.78376 s
min: 0.77355 s
std: 0.00266 s
avg gflops: 1.13368

