n=576
avg: 0.14373 s
max: 0.15416 s
min: 0.14098 s
std: 0.00361 s
avg gflops: 1.32961

