n=384
avg: 0.04209 s
max: 0.04248 s
min: 0.04186 s
std: 0.00018 s
avg gflops: 1.34540

