n=768
avg: 0.34585 s
max: 0.35290 s
min: 0.34097 s
std: 0.00354 s
avg gflops: 1.30976

