n=576
avg: 0.06952 s
max: 0.07125 s
min: 0.06722 s
std: 0.00127 s
avg gflops: 2.74878

