n=384
avg: 0.02029 s
max: 0.02108 s
min: 0.01994 s
std: 0.00033 s
avg gflops: 2.79014

