n=960
avg: 0.31579 s
max: 0.32109 s
min: 0.31162 s
std: 0.00312 s
avg gflops: 2.80165

