n=768
avg: 0.16181 s
max: 0.16650 s
min: 0.15884 s
std: 0.00268 s
avg gflops: 2.79946

