n=192
avg: 0.00265 s
max: 0.00301 s
min: 0.00253 s
std: 0.00014 s
avg gflops: 2.67085

