n=192
avg: 0.00446 s
max: 0.00458 s
min: 0.00439 s
std: 0.00006 s
avg gflops: 1.58654

