n=576
avg: 0.12605 s
max: 0.12825 s
min: 0.12464 s
std: 0.00118 s
avg gflops: 1.51615

