n=768
avg: 0.30077 s
max: 0.30510 s
min: 0.29586 s
std: 0.00252 s
avg gflops: 1.50609

