n=960
avg: 0.58529 s
max: 0.60046 s
min: 0.57496 s
std: 0.00757 s
avg gflops: 1.51162

