n=384
avg: 0.03831 s
max: 0.04620 s
min: 0.03696 s
std: 0.00266 s
avg gflops: 1.47798

