n=384
avg: 0.27136 s
std: 0.00653 s
avg gflops: 0.20866

