n=960
avg: 4.20154 s
std: 0.05379 s
avg gflops: 0.21057

