n=768
avg: 2.14730 s
std: 0.05230 s
avg gflops: 0.21096

