n=576
avg: 0.91175 s
std: 0.02247 s
avg gflops: 0.20960

