n=192
avg: 0.03401 s
std: 0.00089 s
avg gflops: 0.20809

