n=192
avg: 0.03405 s
max: 0.03509 s
min: 0.03355 s
std: 0.00051 s
avg gflops: 0.20790

