n=384
avg: 0.27629 s
max: 0.28212 s
min: 0.27027 s
std: 0.00391 s
avg gflops: 0.20494

