n=960
avg: 4.32468 s
max: 4.34801 s
min: 4.22729 s
std: 0.03316 s
avg gflops: 0.20458

