n=768
avg: 2.20066 s
max: 2.23547 s
min: 2.15978 s
std: 0.02589 s
avg gflops: 0.20584

