n=576
avg: 0.93015 s
max: 0.94104 s
min: 0.91929 s
std: 0.00774 s
avg gflops: 0.20545

