n=384
avg: 0.30295 s
max: 0.30756 s
min: 0.29862 s
std: 0.00341 s
avg gflops: 0.18691

