n=768
avg: 2.43506 s
max: 2.45430 s
min: 2.39880 s
std: 0.02030 s
avg gflops: 0.18603

