n=192
avg: 0.03731 s
max: 0.03982 s
min: 0.03668 s
std: 0.00098 s
avg gflops: 0.18970

