n=576
avg: 1.02952 s
max: 1.04719 s
min: 1.01088 s
std: 0.01197 s
avg gflops: 0.18562

