n=960
avg: 4.79030 s
max: 4.89270 s
min: 4.73162 s
std: 0.04301 s
avg gflops: 0.18469

