n=192
avg: 0.00380 s
max: 0.00396 s
min: 0.00373 s
std: 0.00007 s
avg gflops: 1.86409

