n=576
avg: 0.10010 s
max: 0.11032 s
min: 0.09750 s
std: 0.00353 s
avg gflops: 1.90904

