n=960
avg: 0.45131 s
max: 0.45331 s
min: 0.44805 s
std: 0.00165 s
avg gflops: 1.96039

