n=384
avg: 0.02989 s
max: 0.03024 s
min: 0.02950 s
std: 0.00027 s
avg gflops: 1.89460

