n=768
avg: 0.23389 s
max: 0.23645 s
min: 0.23155 s
std: 0.00216 s
avg gflops: 1.93676

