n=960
avg: 0.53388 s
std: 0.02311 s
avg gflops: 1.65718

