n=576
avg: 0.11800 s
max: 0.11923 s
min: 0.11695 s
std: 0.00078 s
avg gflops: 1.61950

