n=192
avg: 0.00427 s
std: 0.00019 s
avg gflops: 1.65657

