n=768
avg: 0.28472 s
max: 0.28865 s
min: 0.28050 s
std: 0.00232 s
avg gflops: 1.59101

