n=768
avg: 0.28161 s
std: 0.02547 s
avg gflops: 1.60856

