n=192
avg: 0.00488 s
max: 0.00991 s
min: 0.00428 s
std: 0.00168 s
avg gflops: 1.44930

