n=384
avg: 0.03593 s
max: 0.03631 s
min: 0.03550 s
std: 0.00028 s
avg gflops: 1.57591

