n=384
avg: 0.03553 s
std: 0.00351 s
avg gflops: 1.59367

