n=576
avg: 0.11417 s
std: 0.00482 s
avg gflops: 1.67386

