n=960
avg: 0.54709 s
max: 0.55303 s
min: 0.54292 s
std: 0.00369 s
avg gflops: 1.61716

