n=576
avg: 1.00562 s
max: 1.02781 s
min: 0.99111 s
std: 0.01057 s
avg gflops: 0.19003

