n=192
avg: 0.03948 s
max: 0.04634 s
min: 0.03652 s
std: 0.00358 s
avg gflops: 0.17928

