n=960
avg: 4.69916 s
max: 4.81909 s
min: 4.60739 s
std: 0.06573 s
avg gflops: 0.18828

