n=384
avg: 0.29935 s
max: 0.30497 s
min: 0.29662 s
std: 0.00242 s
avg gflops: 0.18915

