n=768
avg: 2.40664 s
max: 2.47230 s
min: 2.35269 s
std: 0.03392 s
avg gflops: 0.18822

