n=384
avg: 0.00517 s
max: 0.00647 s
min: 0.00493 s
std: 0.00044 s
avg gflops: 10.95433

