n=576
avg: 0.01736 s
max: 0.01781 s
min: 0.01694 s
std: 0.00025 s
avg gflops: 11.00889

