n=768
avg: 0.04143 s
max: 0.04242 s
min: 0.04045 s
std: 0.00065 s
avg gflops: 10.93329

