n=960
avg: 0.07743 s
max: 0.07985 s
min: 0.07615 s
std: 0.00098 s
avg gflops: 11.42574

