n=576
avg: 0.92190 s
max: 0.93673 s
min: 0.91344 s
std: 0.00875 s
avg gflops: 0.20729

