n=768
avg: 2.17997 s
max: 2.21367 s
min: 2.14834 s
std: 0.01906 s
avg gflops: 0.20779

