n=384
avg: 0.27427 s
max: 0.27874 s
min: 0.26801 s
std: 0.00327 s
avg gflops: 0.20645

