n=192
avg: 0.03389 s
max: 0.03632 s
min: 0.03308 s
std: 0.00087 s
avg gflops: 0.20885

