n=960
avg: 4.24538 s
max: 4.29831 s
min: 4.19453 s
std: 0.02957 s
avg gflops: 0.20840

