n=576
avg: 0.06717 s
max: 0.06824 s
min: 0.06575 s
std: 0.00079 s
avg gflops: 2.84521

