n=384
avg: 0.02072 s
max: 0.02859 s
min: 0.01948 s
std: 0.00265 s
avg gflops: 2.73310

