n=192
avg: 0.00244 s
max: 0.00252 s
min: 0.00239 s
std: 0.00005 s
avg gflops: 2.89664

