n=768
avg: 0.15744 s
max: 0.16047 s
min: 0.15408 s
std: 0.00160 s
avg gflops: 2.87714

