n=960
avg: 0.30827 s
max: 0.31341 s
min: 0.30552 s
std: 0.00290 s
avg gflops: 2.87002

