n=576
avg: 0.02269 s
max: 0.02305 s
min: 0.02245 s
std: 0.00020 s
avg gflops: 8.42153

