n=768
avg: 0.05415 s
max: 0.05541 s
min: 0.05339 s
std: 0.00063 s
avg gflops: 8.36566

