n=384
avg: 0.00677 s
max: 0.00686 s
min: 0.00665 s
std: 0.00006 s
avg gflops: 8.36389

