n=960
avg: 0.10546 s
max: 0.10741 s
min: 0.10361 s
std: 0.00137 s
avg gflops: 8.38966

