n=192
avg: 0.00101 s
max: 0.00105 s
min: 0.00098 s
std: 0.00002 s
avg gflops: 7.00601

