n=960
avg: 0.34129 s
max: 0.35006 s
min: 0.33215 s
std: 0.00659 s
avg gflops: 2.59235

