n=192
avg: 0.00275 s
max: 0.00289 s
min: 0.00262 s
std: 0.00009 s
avg gflops: 2.57306

