n=384
avg: 0.02165 s
max: 0.02228 s
min: 0.02129 s
std: 0.00032 s
avg gflops: 2.61596

