n=576
avg: 0.07390 s
max: 0.07846 s
min: 0.07192 s
std: 0.00206 s
avg gflops: 2.58598

