n=768
avg: 0.17571 s
max: 0.18096 s
min: 0.16922 s
std: 0.00349 s
avg gflops: 2.57801

