n=384
avg: 0.02913 s
max: 0.02953 s
min: 0.02880 s
std: 0.00022 s
avg gflops: 1.94396

