n=768
avg: 0.22730 s
max: 0.22830 s
min: 0.22413 s
std: 0.00117 s
avg gflops: 1.99291

