n=960
avg: 0.44933 s
max: 0.45341 s
min: 0.44491 s
std: 0.00343 s
avg gflops: 1.96902

