n=576
avg: 0.09696 s
max: 0.09876 s
min: 0.09543 s
std: 0.00104 s
avg gflops: 1.97092

