n=192
avg: 0.00370 s
max: 0.00380 s
min: 0.00364 s
std: 0.00005 s
avg gflops: 1.91413

