n=768
avg: 0.24419 s
max: 0.24710 s
min: 0.24107 s
std: 0.00228 s
avg gflops: 1.85502

