n=192
avg: 0.00392 s
max: 0.00401 s
min: 0.00387 s
std: 0.00004 s
avg gflops: 1.80446

