n=576
avg: 0.10298 s
max: 0.10456 s
min: 0.10217 s
std: 0.00092 s
avg gflops: 1.85573

