n=960
avg: 0.47451 s
max: 0.49362 s
min: 0.47030 s
std: 0.00651 s
avg gflops: 1.86451

