n=384
avg: 0.03081 s
max: 0.03124 s
min: 0.03056 s
std: 0.00020 s
avg gflops: 1.83762

