n=576
avg: 0.14267 s
max: 0.14572 s
min: 0.14084 s
std: 0.00159 s
avg gflops: 1.33951

