n=384
avg: 0.04263 s
max: 0.04318 s
min: 0.04197 s
std: 0.00041 s
avg gflops: 1.32827

