n=768
avg: 0.34419 s
max: 0.35006 s
min: 0.33910 s
std: 0.00286 s
avg gflops: 1.31608

