n=192
avg: 0.00526 s
max: 0.00535 s
min: 0.00522 s
std: 0.00004 s
avg gflops: 1.34556

