n=960
avg: 0.66843 s
max: 0.68121 s
min: 0.66017 s
std: 0.00695 s
avg gflops: 1.32361

