n=576
avg: 0.13695 s
max: 0.13815 s
min: 0.13570 s
std: 0.00090 s
avg gflops: 1.39545

