n=384
avg: 0.04089 s
max: 0.04136 s
min: 0.04054 s
std: 0.00033 s
avg gflops: 1.38477

