n=960
avg: 0.64420 s
max: 0.65510 s
min: 0.63803 s
std: 0.00558 s
avg gflops: 1.37340

