n=192
avg: 0.00514 s
max: 0.00519 s
min: 0.00511 s
std: 0.00002 s
avg gflops: 1.37655

