n=768
avg: 0.33074 s
max: 0.33572 s
min: 0.32658 s
std: 0.00305 s
avg gflops: 1.36961

