n=384
avg: 0.04013 s
max: 0.04083 s
min: 0.03986 s
std: 0.00028 s
avg gflops: 1.41086

