n=192
avg: 0.00477 s
max: 0.00490 s
min: 0.00466 s
std: 0.00007 s
avg gflops: 1.48258

