n=768
avg: 0.31870 s
max: 0.32279 s
min: 0.31662 s
std: 0.00198 s
avg gflops: 1.42134

