n=960
avg: 0.61551 s
max: 0.62360 s
min: 0.60804 s
std: 0.00375 s
avg gflops: 1.43740

