n=576
avg: 0.13362 s
max: 0.13617 s
min: 0.13120 s
std: 0.00147 s
avg gflops: 1.43019

