n=576
avg: 0.06713 s
max: 0.06871 s
min: 0.06605 s
std: 0.00078 s
avg gflops: 2.84672

