n=192
avg: 0.00285 s
max: 0.00556 s
min: 0.00252 s
std: 0.00090 s
avg gflops: 2.48502

