n=960
avg: 0.30844 s
max: 0.31410 s
min: 0.30445 s
std: 0.00311 s
avg gflops: 2.86840

