n=576
avg: 0.06881 s
max: 0.07447 s
min: 0.06678 s
std: 0.00224 s
avg gflops: 2.77739

