n=192
avg: 0.00259 s
max: 0.00285 s
min: 0.00246 s
std: 0.00012 s
avg gflops: 2.73020

