n=384
avg: 0.02018 s
max: 0.02097 s
min: 0.01959 s
std: 0.00044 s
avg gflops: 2.80623

