n=768
avg: 0.16150 s
max: 0.16728 s
min: 0.15752 s
std: 0.00286 s
avg gflops: 2.80492

