n=768
avg: 0.15861 s
max: 0.16103 s
min: 0.15687 s
std: 0.00147 s
avg gflops: 2.85590

