n=960
avg: 0.31067 s
max: 0.31801 s
min: 0.30594 s
std: 0.00421 s
avg gflops: 2.84781

