n=384
avg: 0.02031 s
max: 0.02283 s
min: 0.01981 s
std: 0.00086 s
avg gflops: 2.78778

