n=768
avg: 2.28902 s
std: 0.15257 s
avg gflops: 0.19789

