n=960
avg: 4.49822 s
std: 0.29566 s
avg gflops: 0.19669

