n=384
avg: 0.28710 s
std: 0.01866 s
avg gflops: 0.19723

