n=576
avg: 0.94631 s
std: 0.05208 s
avg gflops: 0.20195

