n=192
avg: 0.03516 s
std: 0.00242 s
avg gflops: 0.20133

