n=576
avg: 0.07890 s
max: 0.09142 s
min: 0.07425 s
std: 0.00517 s
avg gflops: 2.42205

