n=192
avg: 0.00279 s
max: 0.00290 s
min: 0.00272 s
std: 0.00006 s
avg gflops: 2.53836

