n=960
avg: 0.36120 s
max: 0.40990 s
min: 0.34485 s
std: 0.01997 s
avg gflops: 2.44944

