n=384
avg: 0.02259 s
max: 0.02494 s
min: 0.02202 s
std: 0.00082 s
avg gflops: 2.50704

