n=768
avg: 0.18074 s
max: 0.19460 s
min: 0.17574 s
std: 0.00600 s
avg gflops: 2.50628

