n=192
avg: 0.00377 s
max: 0.00387 s
min: 0.00372 s
std: 0.00005 s
avg gflops: 1.87744

