n=960
avg: 0.45219 s
max: 0.45891 s
min: 0.44946 s
std: 0.00341 s
avg gflops: 1.95656

