n=768
avg: 0.23253 s
max: 0.23588 s
min: 0.23098 s
std: 0.00170 s
avg gflops: 1.94810

