n=384
avg: 0.02978 s
max: 0.03005 s
min: 0.02939 s
std: 0.00025 s
avg gflops: 1.90166

