n=576
avg: 0.09835 s
max: 0.10040 s
min: 0.09772 s
std: 0.00074 s
avg gflops: 1.94318

