n=768
avg: 0.04826 s
max: 0.04903 s
min: 0.04757 s
std: 0.00046 s
avg gflops: 9.38618

