n=960
avg: 0.09495 s
max: 0.09678 s
min: 0.09345 s
std: 0.00116 s
avg gflops: 9.31746

