n=576
avg: 0.02086 s
max: 0.02121 s
min: 0.02052 s
std: 0.00024 s
avg gflops: 9.16128

