n=384
avg: 0.00602 s
max: 0.00610 s
min: 0.00594 s
std: 0.00005 s
avg gflops: 9.40581

