n=192
avg: 0.00092 s
max: 0.00125 s
min: 0.00087 s
std: 0.00011 s
avg gflops: 7.66795

