n=768
avg: 0.15521 s
max: 0.15784 s
min: 0.15247 s
std: 0.00156 s
avg gflops: 2.91851

