n=192
avg: 0.00251 s
max: 0.00536 s
min: 0.00215 s
std: 0.00095 s
avg gflops: 2.81702

