n=576
avg: 0.06333 s
max: 0.06453 s
min: 0.06292 s
std: 0.00056 s
avg gflops: 3.01774

