n=384
avg: 0.01940 s
max: 0.01974 s
min: 0.01911 s
std: 0.00021 s
avg gflops: 2.91838

