n=960
avg: 0.29566 s
max: 0.30133 s
min: 0.29229 s
std: 0.00313 s
avg gflops: 2.99240

