n=960
avg: 4.61982 s
std: 0.151503 s
avg gflops: 0.19151

