n=384
avg: 0.29965 s
std: 0.011130 s
avg gflops: 0.18896

