n=192
avg: 0.03757 s
std: 0.001800 s
avg gflops: 0.18840

