n=768
avg: 2.39395 s
std: 0.083085 s
avg gflops: 0.18922

