n=576
avg: 1.00212 s
std: 0.026074 s
avg gflops: 0.19070

