n=576
avg: 0.02088 s
max: 0.02116 s
min: 0.02067 s
std: 0.00017 s
avg gflops: 9.15443

