n=768
avg: 0.04838 s
max: 0.04928 s
min: 0.04785 s
std: 0.00052 s
avg gflops: 9.36299

