n=192
avg: 0.00091 s
max: 0.00100 s
min: 0.00088 s
std: 0.00004 s
avg gflops: 7.75223

