n=960
avg: 0.09500 s
max: 0.09906 s
min: 0.09393 s
std: 0.00139 s
avg gflops: 9.31289

