n=384
avg: 0.00605 s
max: 0.00625 s
min: 0.00595 s
std: 0.00009 s
avg gflops: 9.36172

