n=768
avg: 0.28774 s
max: 0.29620 s
min: 0.27717 s
std: 0.00455 s
avg gflops: 1.57428

