n=576
avg: 0.11978 s
max: 0.12279 s
min: 0.11511 s
std: 0.00266 s
avg gflops: 1.59549

