n=384
avg: 0.03527 s
max: 0.03604 s
min: 0.03431 s
std: 0.00067 s
avg gflops: 1.60547

