n=960
avg: 0.57907 s
max: 0.59309 s
min: 0.56744 s
std: 0.00888 s
avg gflops: 1.52785

