n=192
avg: 0.00405 s
max: 0.00418 s
min: 0.00398 s
std: 0.00005 s
avg gflops: 1.74810

