n=960
avg: 0.52281 s
max: 0.53058 s
min: 0.51636 s
std: 0.00502 s
avg gflops: 1.69228

