n=384
avg: 0.03338 s
max: 0.03393 s
min: 0.03246 s
std: 0.00038 s
avg gflops: 1.69618

