n=576
avg: 0.11369 s
max: 0.11513 s
min: 0.11277 s
std: 0.00083 s
avg gflops: 1.68088

