n=192
avg: 0.00425 s
max: 0.00446 s
min: 0.00417 s
std: 0.00009 s
avg gflops: 1.66418

