n=768
avg: 0.26797 s
max: 0.27118 s
min: 0.26450 s
std: 0.00199 s
avg gflops: 1.69044

