n=960
avg: 3.06849 s
max: 3.13519 s
min: 3.04545 s
std: 0.03166 s
avg gflops: 0.28833

