n=384
avg: 0.19773 s
max: 0.20848 s
min: 0.19071 s
std: 0.00435 s
avg gflops: 0.28637

