n=576
avg: 0.66673 s
max: 0.67711 s
min: 0.65394 s
std: 0.00736 s
avg gflops: 0.28663

