n=384
avg: 0.19482 s
max: 0.19867 s
min: 0.18933 s
std: 0.00247 s
avg gflops: 0.29065

