n=576
avg: 0.65798 s
max: 0.67476 s
min: 0.65086 s
std: 0.00652 s
avg gflops: 0.29044

