n=768
avg: 1.57983 s
max: 1.61693 s
min: 1.54851 s
std: 0.02123 s
avg gflops: 0.28673

