n=192
avg: 0.02432 s
max: 0.02512 s
min: 0.02392 s
std: 0.00034 s
avg gflops: 0.29104

