n=192
avg: 0.02463 s
max: 0.02550 s
min: 0.02389 s
std: 0.00049 s
avg gflops: 0.28742

