n=960
avg: 3.09034 s
max: 3.15239 s
min: 3.00891 s
std: 0.04397 s
avg gflops: 0.28629

