n=768
avg: 1.55956 s
max: 1.60732 s
min: 1.53987 s
std: 0.01952 s
avg gflops: 0.29046

